# mu value:
4.000000
# num_x_vals
36
# x, evolved, exact, ratio
0.0001, 42.4207, 41.8579, 1.01345
0.0002, 32.569, 32.2411, 1.01017
0.0003, 27.7871, 27.5558, 1.00839
0.0004, 24.7754, 24.5996, 1.00714
0.0005, 22.6386, 22.4986, 1.00622
0.0006, 21.0135, 20.8984, 1.00551
0.0007, 19.7185, 19.6227, 1.00488
0.0008, 18.6532, 18.572, 1.00437
0.0009, 17.755, 17.6858, 1.00392
0.001, 16.9831, 16.9238, 1.00351
0.002, 12.5856, 12.5736, 1.00095
0.003, 10.494, 10.4992, 0.999509
0.004, 9.19407, 9.20838, 0.998446
0.005, 8.28095, 8.30085, 0.997603
0.006, 7.59207, 7.61542, 0.996934
0.007, 7.04674, 7.07285, 0.996308
0.008, 6.60077, 6.62894, 0.995751
0.009, 6.22666, 6.25687, 0.995172
0.01, 5.90658, 5.93766, 0.994765
0.02, 4.11136, 4.14741, 0.991308
0.03, 3.27657, 3.31375, 0.988779
0.04, 2.76483, 2.8023, 0.98663
0.05, 2.40895, 2.44624, 0.984754
0.06, 2.14261, 2.1793, 0.983164
0.07, 1.93324, 1.96923, 0.981723
0.08, 1.763, 1.79822, 0.980416
0.09, 1.62082, 1.6552, 0.97923
0.1, 1.50194, 1.53333, 0.979526
0.2, 0.83634, 0.85728, 0.975574
0.3, 0.533465, 0.549844, 0.970212
0.4, 0.353875, 0.366337, 0.965982
0.5, 0.233852, 0.243034, 0.962219
0.6, 0.149792, 0.154995, 0.966433
0.7, 0.0875148, 0.0906087, 0.965854
0.8, 0.0430606, 0.0443118, 0.971763
0.9, 0.0137662, 0.0139621, 0.985969
0.0001, 0.905634, 0.894337, 1.01263
0.0002, 0.720679, 0.716775, 1.00545
0.0003, 0.629174, 0.627957, 1.00194
0.0004, 0.570913, 0.571061, 0.999742
0.0005, 0.52928, 0.530212, 0.998243
0.0006, 0.497456, 0.498872, 0.997161
0.0007, 0.472001, 0.473751, 0.996307
0.0008, 0.451006, 0.452976, 0.995652
0.0009, 0.433271, 0.435396, 0.995119
0.001, 0.418008, 0.420245, 0.994676
0.002, 0.330978, 0.333411, 0.992703
0.003, 0.289971, 0.292249, 0.992203
0.004, 0.264913, 0.267039, 0.992037
0.005, 0.247667, 0.249665, 0.991999
0.006, 0.234946, 0.236834, 0.992028
0.007, 0.225113, 0.226919, 0.992041
0.008, 0.217272, 0.219008, 0.992072
0.009, 0.210862, 0.212556, 0.992027
0.01, 0.205519, 0.207156, 0.992096
0.02, 0.179315, 0.180676, 0.992466
0.03, 0.170738, 0.171888, 0.993308
0.04, 0.167413, 0.168319, 0.994616
0.05, 0.166281, 0.166905, 0.996259
0.06, 0.166208, 0.16652, 0.998129
0.07, 0.166676, 0.16666, 1.00009
0.08, 0.167426, 0.167077, 1.00208
0.09, 0.168309, 0.167628, 1.00406
0.1, 0.169256, 0.168238, 1.00605
0.2, 0.175878, 0.172715, 1.01832
0.3, 0.17577, 0.172834, 1.01699
0.4, 0.17109, 0.170111, 1.00576
0.5, 0.163949, 0.165617, 0.989933
0.6, 0.155972, 0.159711, 0.976587
0.7, 0.147529, 0.152108, 0.969894
0.8, 0.138266, 0.141541, 0.976862
0.9, 0.124317, 0.123852, 1.00376
0.0001, 0.903921, 0.905856, 0.997864
0.0002, 0.718885, 0.71619, 1.00376
0.0003, 0.627747, 0.623563, 1.00671
0.0004, 0.569912, 0.565166, 1.0084
0.0005, 0.528696, 0.523751, 1.00944
0.0006, 0.497267, 0.492296, 1.0101
0.0007, 0.472183, 0.467299, 1.01045
0.0008, 0.451535, 0.446783, 1.01064
0.0009, 0.434126, 0.429543, 1.01067
0.001, 0.419171, 0.414776, 1.0106
0.002, 0.33454, 0.332083, 1.0074
0.003, 0.295262, 0.294368, 1.00304
0.004, 0.271608, 0.271946, 0.99876
0.005, 0.255577, 0.256899, 0.994853
0.006, 0.243944, 0.246068, 0.991371
0.007, 0.235111, 0.237909, 0.988241
0.008, 0.228204, 0.231567, 0.985476
0.009, 0.222677, 0.22654, 0.982947
0.01, 0.218177, 0.222444, 0.980816
0.02, 0.199202, 0.205522, 0.969249
0.03, 0.196851, 0.203538, 0.967145
0.04, 0.19928, 0.205716, 0.968715
0.05, 0.203591, 0.209511, 0.971742
0.06, 0.208718, 0.214008, 0.97528
0.07, 0.214181, 0.218815, 0.978819
0.08, 0.219745, 0.223744, 0.982127
0.09, 0.225268, 0.228678, 0.985086
0.1, 0.23074, 0.233574, 0.987867
0.2, 0.275743, 0.277017, 0.995403
0.3, 0.30537, 0.310278, 0.984181
0.4, 0.326128, 0.33516, 0.973053
0.5, 0.343685, 0.353422, 0.972451
0.6, 0.363371, 0.367884, 0.987733
0.7, 0.38737, 0.383886, 1.00908
0.8, 0.416318, 0.408878, 1.0182
0.9, 0.434705, 0.439696, 0.988649
0.0001, 0.899835, 0.889116, 1.01206
0.0002, 0.714333, 0.708702, 1.00795
0.0003, 0.622045, 0.618306, 1.00605
0.0004, 0.562992, 0.56026, 1.00487
0.0005, 0.520594, 0.518476, 1.00409
0.0006, 0.488042, 0.48633, 1.00352
0.0007, 0.461894, 0.460487, 1.00306
0.0008, 0.440237, 0.439053, 1.0027
0.0009, 0.421869, 0.420863, 1.00239
0.001, 0.405998, 0.405139, 1.00212
0.002, 0.313903, 0.313744, 1.00051
0.003, 0.268937, 0.269083, 0.999457
0.004, 0.240549, 0.240913, 0.998487
0.005, 0.220393, 0.220931, 0.997564
0.006, 0.205067, 0.205747, 0.996694
0.007, 0.192863, 0.193675, 0.995806
0.008, 0.182838, 0.183766, 0.994948
0.009, 0.1744, 0.175444, 0.994048
0.01, 0.167161, 0.168292, 0.993275
0.02, 0.126431, 0.128173, 0.986408
0.03, 0.107708, 0.10972, 0.981661
0.04, 0.0965203, 0.0986331, 0.978579
0.05, 0.0889883, 0.0911016, 0.976803
0.06, 0.083554, 0.0856018, 0.976078
0.07, 0.0794453, 0.081392, 0.976083
0.08, 0.0762409, 0.0780625, 0.976665
0.09, 0.0736781, 0.0753585, 0.977701
0.1, 0.0716013, 0.0731242, 0.979175
0.2, 0.0622781, 0.0625894, 0.995026
0.3, 0.0602952, 0.0601684, 1.00211
0.4, 0.061395, 0.0613048, 1.00147
0.5, 0.0653435, 0.0654228, 0.998787
0.6, 0.0725842, 0.0726031, 0.99974
0.7, 0.0826977, 0.0827771, 0.999041
0.8, 0.0945976, 0.0949587, 0.996198
0.9, 0.103509, 0.104871, 0.98701
0.0001, 0.63551, 0.639487, 0.993781
0.0002, 0.493714, 0.4971, 0.993189
0.0003, 0.424102, 0.426997, 0.993221
0.0004, 0.379948, 0.382482, 0.993374
0.0005, 0.34846, 0.350704, 0.993601
0.0006, 0.324416, 0.326419, 0.993862
0.0007, 0.305191, 0.307006, 0.994089
0.0008, 0.289335, 0.290983, 0.994336
0.0009, 0.275935, 0.277445, 0.994559
0.001, 0.264396, 0.265786, 0.994769
0.002, 0.198261, 0.198983, 0.996373
0.003, 0.166623, 0.167075, 0.99729
0.004, 0.14696, 0.147291, 0.997751
0.005, 0.133192, 0.133465, 0.997953
0.006, 0.122859, 0.123104, 0.998014
0.007, 0.114736, 0.114977, 0.997908
0.008, 0.108147, 0.108394, 0.997727
0.009, 0.102671, 0.10294, 0.997388
0.01, 0.0980342, 0.0983111, 0.997184
0.02, 0.0735758, 0.0740103, 0.994129
0.03, 0.0641106, 0.0646008, 0.992412
0.04, 0.0596255, 0.0600897, 0.992275
0.05, 0.0574725, 0.0578626, 0.993258
0.06, 0.0565997, 0.0568862, 0.994964
0.07, 0.0564917, 0.056667, 0.996908
0.08, 0.056871, 0.0569367, 0.998845
0.09, 0.0575626, 0.0575267, 1.00062
0.1, 0.0584833, 0.0583417, 1.00243
0.2, 0.0705511, 0.0703398, 1.003
0.3, 0.0820482, 0.082665, 0.992538
0.4, 0.0941725, 0.0951189, 0.99005
0.5, 0.110245, 0.110422, 0.998399
0.6, 0.133829, 0.132204, 1.01229
0.7, 0.166725, 0.164232, 1.01518
0.8, 0.209814, 0.208959, 1.00409
0.9, 0.257932, 0.262198, 0.983727
0.0001, -1.11022e-16, 0, -inf
0.0002, -8.38173e-17, 0, -inf
0.0003, -3.10472e-17, 0, -inf
0.0004, -3.36593e-17, 0, -inf
0.0005, -2.76095e-17, 0, -inf
0.0006, -3.22149e-17, 0, -inf
0.0007, -2.12713e-17, 0, -inf
0.0008, -1.47253e-17, 0, -inf
0.0009, -1.14753e-17, 0, -inf
0.001, 2.75533e-31, 0, inf
0.002, -2.10529e-17, 0, -inf
0.003, -3.92025e-17, 0, -inf
0.004, -3.21885e-17, 0, -inf
0.005, -2.10481e-17, 0, -inf
0.006, -1.34434e-17, 0, -inf
0.007, -1.15882e-17, 0, -inf
0.008, -2.683e-18, 0, -inf
0.009, -1.4675e-17, 0, -inf
0.01, 9.83218e-32, 0, inf
0.02, -1.03341e-17, 0, -inf
0.03, -1.10953e-17, 0, -inf
0.04, -7.19057e-18, 0, -inf
0.05, -3.21044e-18, 0, -inf
0.06, -1.28507e-17, 0, -inf
0.07, 8.71538e-19, 0, inf
0.08, -1.67484e-17, 0, -inf
0.09, -1.50079e-17, 0, -inf
0.1, -1.73472e-17, 0, -inf
0.2, -1.67089e-17, 0, -inf
0.3, 1.29312e-18, 0, inf
0.4, 4.14788e-18, 0, inf
0.5, -2.06362e-17, 0, -inf
0.6, -3.12294e-17, 0, -inf
0.7, -1.50823e-17, 0, -inf
0.8, -4.30143e-18, 0, -inf
0.9, -3.30442e-17, 0, -inf
0.0001, 0, 0, -nan
0.0002, 0, 0, -nan
0.0003, 0, 0, -nan
0.0004, 0, 0, -nan
0.0005, 0, 0, -nan
0.0006, 0, 0, -nan
0.0007, 0, 0, -nan
0.0008, 0, 0, -nan
0.0009, 0, 0, -nan
0.001, 0, 0, -nan
0.002, 0, 0, -nan
0.003, 0, 0, -nan
0.004, 0, 0, -nan
0.005, 0, 0, -nan
0.006, 0, 0, -nan
0.007, 0, 0, -nan
0.008, 0, 0, -nan
0.009, 0, 0, -nan
0.01, 0, 0, -nan
0.02, 0, 0, -nan
0.03, 0, 0, -nan
0.04, 0, 0, -nan
0.05, 0, 0, -nan
0.06, 0, 0, -nan
0.07, 0, 0, -nan
0.08, 0, 0, -nan
0.09, 0, 0, -nan
0.1, 0, 0, -nan
0.2, 0, 0, -nan
0.3, 0, 0, -nan
0.4, 0, 0, -nan
0.5, 0, 0, -nan
0.6, 0, 0, -nan
0.7, 0, 0, -nan
0.8, 0, 0, -nan
0.9, 0, 0, -nan
