# mu values:
1.414214
# num_x_vals
36
# x, GRVEvolved, GRVExact, SAL, SAL3Evolved, SAL5Evolved
0.0001, 7.15671, 7.05731, 3.89112, 1.55987, 4.36355
0.0002, 6.17241, 6.09394, 3.18852, 1.36337, 3.57215
0.0003, 5.6482, 5.58039, 2.83756, 1.25976, 3.17691
0.0004, 5.29775, 5.23695, 2.61201, 1.19081, 2.92285
0.0005, 5.03772, 4.98199, 2.44931, 1.13977, 2.73962
0.0006, 4.83269, 4.78085, 2.32381, 1.09957, 2.59832
0.0007, 4.6643, 4.61567, 2.22262, 1.06657, 2.48435
0.0008, 4.5221, 4.47611, 2.13845, 1.03871, 2.38957
0.0009, 4.39942, 4.35568, 2.06678, 1.01467, 2.30888
0.001, 4.29179, 4.25003, 2.00465, 0.99357, 2.2389
0.002, 3.63174, 3.60151, 1.63824, 0.863649, 1.82636
0.003, 3.28167, 3.25713, 1.45398, 0.793975, 1.61893
0.004, 3.04808, 3.02718, 1.33478, 0.746933, 1.48473
0.005, 2.87489, 2.85658, 1.24825, 0.711653, 1.38732
0.006, 2.73837, 2.72198, 1.18108, 0.683532, 1.31172
0.007, 2.62622, 2.61141, 1.12658, 0.660186, 1.25037
0.008, 2.53149, 2.51794, 1.08097, 0.640261, 1.19904
0.009, 2.44972, 2.43727, 1.0419, 0.62289, 1.15508
0.01, 2.3779, 2.36634, 1.00782, 0.607495, 1.11672
0.02, 1.93543, 1.92881, 0.801313, 0.508669, 0.884504
0.03, 1.6979, 1.69339, 0.691712, 0.451658, 0.761483
0.04, 1.53741, 1.53409, 0.617424, 0.410908, 0.67825
0.05, 1.41697, 1.41439, 0.56123, 0.378879, 0.615432
0.06, 1.3209, 1.31881, 0.515988, 0.35232, 0.564979
0.07, 1.24111, 1.23939, 0.478079, 0.32952, 0.52278
0.08, 1.17299, 1.17153, 0.445429, 0.309492, 0.486521
0.09, 1.11356, 1.11233, 0.416741, 0.291589, 0.45471
0.1, 1.06094, 1.05984, 0.39115, 0.275399, 0.426419
0.2, 0.723915, 0.723278, 0.225181, 0.165335, 0.244517
0.3, 0.532038, 0.531537, 0.134289, 0.101586, 0.146254
0.4, 0.397947, 0.397422, 0.0778683, 0.0609411, 0.0859763
0.5, 0.295099, 0.294514, 0.0422685, 0.03495, 0.0483612
0.6, 0.211607, 0.211019, 0.0205387, 0.018996, 0.0256368
0.7, 0.141271, 0.14078, 0.00828995, 0.00994645, 0.0128412
0.8, 0.0813454, 0.0809877, 0.00236397, 0.00532109, 0.00635607
0.9, 0.0324907, 0.0321835, 0.000285679, 0.00291547, 0.00317577
0.0001, 0.417998, 0.417463, 0.00225, 0.0519987, 0.0276068
0.0002, 0.354723, 0.353519, 0.00341118, 0.0580617, 0.0239924
0.0003, 0.321681, 0.320214, 0.00435142, 0.0624313, 0.022553
0.0004, 0.299909, 0.298312, 0.00517188, 0.0659389, 0.0218471
0.0005, 0.283947, 0.282274, 0.00591339, 0.0689087, 0.0214903
0.0006, 0.271493, 0.269771, 0.0065975, 0.0715051, 0.0213292
0.0007, 0.26136, 0.259612, 0.00723727, 0.0738253, 0.0212887
0.0008, 0.252878, 0.251112, 0.00784137, 0.0759305, 0.0213284
0.0009, 0.245618, 0.243843, 0.00841591, 0.0778635, 0.0214234
0.001, 0.239298, 0.237519, 0.0089654, 0.0796547, 0.0215579
0.002, 0.201737, 0.200016, 0.0135896, 0.0930011, 0.0237603
0.003, 0.18291, 0.18128, 0.0173286, 0.10218, 0.0263068
0.004, 0.170928, 0.169387, 0.0205857, 0.109367, 0.0288076
0.005, 0.162421, 0.160956, 0.023524, 0.115348, 0.0312071
0.006, 0.155983, 0.154584, 0.0262296, 0.120507, 0.0335018
0.007, 0.150898, 0.14956, 0.0287549, 0.125066, 0.0356993
0.008, 0.146764, 0.145478, 0.0311344, 0.129161, 0.0378089
0.009, 0.143331, 0.142096, 0.0333928, 0.132888, 0.0398396
0.01, 0.140419, 0.139227, 0.0355482, 0.136314, 0.0417993
0.02, 0.125385, 0.124477, 0.0534729, 0.160945, 0.0586051
0.03, 0.120073, 0.119318, 0.0676215, 0.176857, 0.0722075
0.04, 0.117976, 0.117316, 0.0796367, 0.1886, 0.0838641
0.05, 0.117347, 0.116753, 0.0901905, 0.197801, 0.094144
0.06, 0.117493, 0.116945, 0.0996414, 0.205255, 0.103365
0.07, 0.118075, 0.117567, 0.10821, 0.211419, 0.111731
0.08, 0.118919, 0.118443, 0.116044, 0.216577, 0.119378
0.09, 0.119913, 0.119464, 0.123249, 0.220926, 0.126405
0.1, 0.120996, 0.12057, 0.129903, 0.224605, 0.132891
0.2, 0.131514, 0.131311, 0.175364, 0.239255, 0.176783
0.3, 0.138544, 0.138626, 0.195821, 0.232591, 0.195851
0.4, 0.143137, 0.143531, 0.199684, 0.21487, 0.198686
0.5, 0.146468, 0.147159, 0.190775, 0.190041, 0.189289
0.6, 0.147858, 0.148793, 0.17128, 0.160139, 0.169977
0.7, 0.143735, 0.144795, 0.142563, 0.126332, 0.142154
0.8, 0.126737, 0.127656, 0.105455, 0.089206, 0.106521
0.9, 0.0847627, 0.0851198, 0.0602651, 0.0484504, 0.0626199
0.0001, 0.413416, 0.41254, 0.00226008, 0.0520008, 0.027621
0.0002, 0.352654, 0.351513, 0.00343134, 0.0580662, 0.0240206
0.0003, 0.320706, 0.319462, 0.00438165, 0.0624382, 0.0225949
0.0004, 0.299566, 0.298274, 0.00521217, 0.0659483, 0.0219029
0.0005, 0.284021, 0.282702, 0.00596375, 0.0689206, 0.0215597
0.0006, 0.271864, 0.270526, 0.0066579, 0.0715196, 0.0214124
0.0007, 0.261955, 0.260611, 0.00730772, 0.0738423, 0.0213856
0.0008, 0.253648, 0.2523, 0.00792186, 0.0759502, 0.0214389
0.0009, 0.246531, 0.245181, 0.00850644, 0.0778858, 0.0215475
0.001, 0.240329, 0.23898, 0.00906596, 0.0796796, 0.0216956
0.002, 0.20341, 0.202098, 0.0137901, 0.0930529, 0.0240333
0.003, 0.184943, 0.183672, 0.0176284, 0.10226, 0.0267138
0.004, 0.173272, 0.17204, 0.0209843, 0.109475, 0.0293475
0.005, 0.165069, 0.163868, 0.0240207, 0.115484, 0.0318788
0.006, 0.15894, 0.157763, 0.0268239, 0.120671, 0.0343044
0.007, 0.154172, 0.153017, 0.0294461, 0.125257, 0.0366319
0.008, 0.150362, 0.149224, 0.031922, 0.129381, 0.0388705
0.009, 0.147262, 0.146143, 0.0342762, 0.133136, 0.0410294
0.01, 0.144687, 0.143579, 0.0365267, 0.13659, 0.0431163
0.02, 0.133225, 0.13218, 0.0553717, 0.161497, 0.0611481
0.03, 0.131603, 0.130576, 0.0703848, 0.177672, 0.0758974
0.04, 0.133174, 0.132153, 0.0832115, 0.189665, 0.0886275
0.05, 0.136141, 0.135127, 0.0945262, 0.199104, 0.0999123
0.06, 0.139787, 0.138784, 0.10469, 0.206783, 0.110074
0.07, 0.143764, 0.142785, 0.113925, 0.21316, 0.11932
0.08, 0.147901, 0.146951, 0.122382, 0.21852, 0.12779
0.09, 0.152078, 0.151164, 0.130169, 0.223061, 0.135588
0.1, 0.156241, 0.155368, 0.137367, 0.226922, 0.142794
0.2, 0.192796, 0.192535, 0.186526, 0.243051, 0.191791
0.3, 0.221507, 0.221853, 0.208669, 0.237705, 0.213803
0.4, 0.250109, 0.250914, 0.213449, 0.221683, 0.219217
0.5, 0.284295, 0.285637, 0.205511, 0.199294, 0.213194
0.6, 0.32192, 0.324126, 0.187501, 0.172714, 0.198611
0.7, 0.34825, 0.3514, 0.160883, 0.142908, 0.176716
0.8, 0.332644, 0.33549, 0.126152, 0.109531, 0.146884
0.9, 0.229031, 0.228291, 0.0824043, 0.0689114, 0.104006
0.0001, 0.41689, 0.416597, 0.000677352, 0.0251604, 0.0259668
0.0002, 0.351711, 0.351027, 0.00102806, 0.0256606, 0.0215103
0.0003, 0.317369, 0.316524, 0.00131248, 0.0262585, 0.0193903
0.0004, 0.294576, 0.293649, 0.00156097, 0.0268281, 0.0180916
0.0005, 0.277756, 0.27678, 0.00178577, 0.0273571, 0.0171995
0.0006, 0.264555, 0.263544, 0.00199334, 0.027848, 0.0165452
0.0007, 0.253756, 0.252725, 0.00218762, 0.0283056, 0.0160439
0.0008, 0.244667, 0.243622, 0.00237119, 0.0287343, 0.0156488
0.0009, 0.23685, 0.235796, 0.0025459, 0.029138, 0.0153307
0.001, 0.230012, 0.228952, 0.00271308, 0.0295199, 0.0150703
0.002, 0.188515, 0.187465, 0.00412367, 0.0325497, 0.0139596
0.003, 0.166868, 0.165857, 0.00526853, 0.0347711, 0.013839
0.004, 0.152595, 0.151628, 0.00626871, 0.0365661, 0.0140238
0.005, 0.142117, 0.141189, 0.0071731, 0.03809, 0.0143395
0.006, 0.133928, 0.133033, 0.00800755, 0.0394235, 0.0147199
0.007, 0.127253, 0.126391, 0.00878774, 0.0406147, 0.0151342
0.008, 0.121657, 0.120823, 0.0095241, 0.0416943, 0.0155666
0.009, 0.11686, 0.116054, 0.010224, 0.0426839, 0.0160081
0.01, 0.112671, 0.111889, 0.0108928, 0.043599, 0.0164533
0.02, 0.0875971, 0.086977, 0.0164849, 0.0503141, 0.0207448
0.03, 0.0748655, 0.0743374, 0.0209312, 0.0547565, 0.02456
0.04, 0.0667061, 0.0662405, 0.0247251, 0.0580793, 0.0279605
0.05, 0.0609008, 0.060481, 0.0280688, 0.0607076, 0.0310281
0.06, 0.0565171, 0.0561312, 0.0310704, 0.062852, 0.0338213
0.07, 0.0530738, 0.05272, 0.0337965, 0.0646356, 0.0363823
0.08, 0.0503033, 0.0499761, 0.0362921, 0.0661358, 0.038742
0.09, 0.0480284, 0.0477257, 0.0385894, 0.067406, 0.0409237
0.1, 0.0461386, 0.0458584, 0.0407125, 0.0684852, 0.0429472
0.2, 0.0377329, 0.0376386, 0.0552137, 0.0728756, 0.0568317
0.3, 0.0374213, 0.0374419, 0.0617442, 0.0710593, 0.0630671
0.4, 0.0414083, 0.0414677, 0.063117, 0.0660873, 0.0644466
0.5, 0.0492627, 0.0493841, 0.060671, 0.0591855, 0.0623836
0.6, 0.0598912, 0.0602272, 0.0551688, 0.0509807, 0.0576809
0.7, 0.0694819, 0.0701684, 0.0470437, 0.041769, 0.0507125
0.8, 0.0701071, 0.070887, 0.0364657, 0.0315047, 0.0413747
0.9, 0.0497276, 0.0495975, 0.0232453, 0.0193094, 0.0284426
0.0001, 0.0483263, 0.0, 0.0, 0.0136604, 0.0252621
0.0002, 0.0399276, 0.0, 0.0, 0.0117789, 0.0204431
0.0003, 0.035562, 0.0, 0.0, 0.0107627, 0.0180301
0.0004, 0.0326902, 0.0, 0.0, 0.0100757, 0.016476
0.0005, 0.0305856, 0.0, 0.0, 0.00956121, 0.0153534
0.0006, 0.0289431, 0.0, 0.0, 0.0091523, 0.0144866
0.0007, 0.0276058, 0.0, 0.0, 0.00881419, 0.0137866
0.0008, 0.0264853, 0.0, 0.0, 0.00852701, 0.0132041
0.0009, 0.0255252, 0.0, 0.0, 0.00827797, 0.0127078
0.001, 0.0246882, 0.0, 0.0, 0.00805852, 0.0122772
0.002, 0.0196773, 0.0, 0.0, 0.00669379, 0.0097375
0.003, 0.0171213, 0.0, 0.0, 0.00596089, 0.00846596
0.004, 0.0154653, 0.0, 0.0, 0.00547288, 0.00765101
0.005, 0.0142685, 0.0, 0.0, 0.00511475, 0.00706709
0.006, 0.0133469, 0.0, 0.0, 0.00483681, 0.00662095
0.007, 0.0126061, 0.0, 0.0, 0.00461295, 0.00626518
0.008, 0.0119933, 0.0, 0.0, 0.00442815, 0.00597328
0.009, 0.011475, 0.0, 0.0, 0.0042727, 0.00572847
0.01, 0.0110289, 0.0, 0.0, 0.00414005, 0.00551966
0.02, 0.00852109, 0.0, 0.0, 0.00345241, 0.00440686
0.03, 0.00741786, 0.0, 0.0, 0.003243, 0.00399666
0.04, 0.00681278, 0.0, 0.0, 0.00320769, 0.00383487
0.05, 0.00645194, 0.0, 0.0, 0.00325612, 0.00379294
0.06, 0.0062306, 0.0, 0.0, 0.00334986, 0.00381746
0.07, 0.00609598, 0.0, 0.0, 0.00346932, 0.00388146
0.08, 0.00601907, 0.0, 0.0, 0.00360378, 0.00397017
0.09, 0.00598137, 0.0, 0.0, 0.00374649, 0.00407416
0.1, 0.00597278, 0.0, 0.0, 0.00389403, 0.00418878
0.2, 0.00652187, 0.0, 0.0, 0.00536617, 0.00548279
0.3, 0.00764478, 0.0, 0.0, 0.00694639, 0.00699534
0.4, 0.00955601, 0.0, 0.0, 0.00913653, 0.00915633
0.5, 0.0125956, 0.0, 0.0, 0.0123581, 0.0123653
0.6, 0.0168924, 0.0, 0.0, 0.0167735, 0.0167757
0.7, 0.0221508, 0.0, 0.0, 0.0221041, 0.0221046
0.8, 0.0271109, 0.0, 0.0, 0.0271009, 0.0271009
0.9, 0.0272803, 0.0, 0.0, 0.0272813, 0.0272813
0.0001, 1.38778e-17, 0.0, 0.0, -5.20417e-18, -4.33681e-18
0.0002, -7.05944e-18, 0.0, 0.0, -3.38563e-18, -1.72409e-18
0.0003, -1.02927e-17, 0.0, 0.0, 1.34347e-18, 6.1718e-19
0.0004, -1.80229e-17, 0.0, 0.0, -5.02627e-18, -1.53284e-19
0.0005, -2.78315e-17, 0.0, 0.0, -8.29941e-19, -8.63956e-19
0.0006, -3.69267e-17, 0.0, 0.0, -6.9882e-18, -2.42719e-18
0.0007, -1.08286e-17, 0.0, 0.0, -3.45087e-18, -2.21581e-18
0.0008, -2.07194e-17, 0.0, 0.0, -6.17747e-18, -1.74445e-18
0.0009, -2.66342e-17, 0.0, 0.0, -5.74537e-18, -1.65114e-18
0.001, -2.77556e-17, 0.0, 0.0, -4.33681e-18, -1.73472e-18
0.002, -7.20549e-18, 0.0, 0.0, -1.79445e-18, -2.1722e-18
0.003, -1.51729e-17, 0.0, 0.0, -4.16654e-18, -9.25656e-19
0.004, -9.81975e-18, 0.0, 0.0, -5.52976e-18, -4.62678e-19
0.005, -1.72312e-17, 0.0, 0.0, -5.29655e-18, -2.157e-18
0.006, -9.20658e-18, 0.0, 0.0, -6.35916e-18, -6.13889e-19
0.007, -4.14247e-18, 0.0, 0.0, -3.29981e-18, -2.02107e-18
0.008, -2.07669e-17, 0.0, 0.0, -8.75036e-18, -2.95605e-18
0.009, -1.64842e-17, 0.0, 0.0, -1.11666e-17, -1.49594e-18
0.01, -1.21431e-17, 0.0, 0.0, -1.04083e-17, -1.30104e-18
0.02, -2.25948e-18, 0.0, 0.0, -9.11197e-18, -2.67217e-18
0.03, -1.15359e-17, 0.0, 0.0, -1.87155e-18, -8.06619e-19
0.04, 1.37169e-19, 0.0, 0.0, -2.04254e-17, -4.29284e-18
0.05, -5.06351e-18, 0.0, 0.0, -1.56889e-17, -1.03893e-17
0.06, -2.46906e-18, 0.0, 0.0, -9.05165e-18, -5.83708e-18
0.07, -9.93151e-18, 0.0, 0.0, -1.70046e-17, -6.82412e-18
0.08, -9.19224e-18, 0.0, 0.0, -1.73451e-17, -6.46542e-18
0.09, -2.73042e-18, 0.0, 0.0, -1.42297e-17, -4.70831e-18
0.1, -8.67362e-18, 0.0, 0.0, -6.93889e-18, -5.20417e-18
0.2, -4.97338e-18, 0.0, 0.0, -7.51754e-18, -6.94011e-18
0.3, -3.025e-18, 0.0, 0.0, -1.2025e-17, -2.33817e-18
0.4, -1.35797e-17, 0.0, 0.0, -5.80755e-18, -9.67409e-18
0.5, -6.26049e-18, 0.0, 0.0, -5.03102e-18, -1.39765e-17
0.6, 1.22345e-17, 0.0, 0.0, -1.41322e-17, -1.73592e-17
0.7, -1.55935e-17, 0.0, 0.0, -6.89516e-18, -1.18446e-17
0.8, -2.2489e-17, 0.0, 0.0, -4.60905e-18, -5.1268e-19
0.9, -1.89363e-17, 0.0, 0.0, -7.78578e-18, -8.08324e-18
0.0001, 2.5932606000000002, 2.4932, 0.010374864, 0.28564059999999997, 0.2129134
0.0002, 2.1980312, 2.112118, 0.01574116, 0.30713480000000004, 0.1799328
0.0003, 1.990636, 1.9124, 0.020091099999999997, 0.3237814, 0.16513660000000002
0.0004, 1.8534823999999999, 1.7804700000000002, 0.02389004, 0.33758199999999994, 0.1566352
0.0005, 1.7526192, 1.6835120000000001, 0.02732582, 0.34949522, 0.1512058
0.0006, 1.6737102, 1.607682, 0.03049748, 0.36005000000000004, 0.1475468
0.0007, 1.6093536, 1.545896, 0.033465220000000004, 0.36957478, 0.1450096
0.0008, 1.5553566, 1.494068, 0.03626884, 0.37828401999999994, 0.1432404
0.0009, 1.5090484, 1.44964, 0.038936500000000006, 0.38633054, 0.1420188
0.001, 1.4686544000000001, 1.410902, 0.04148888, 0.39382543999999997, 0.141202
0.002, 1.2266786, 1.179158, 0.06300674, 0.45059498000000003, 0.1429814
0.003, 1.1036846, 1.061618, 0.08045106, 0.49034398, 0.15065112
0.004, 1.0245206, 0.98611, 0.09567741999999999, 0.5217619600000001, 0.15965982
0.005, 0.967751, 0.932026, 0.1094356, 0.5480735, 0.16898498
0.006, 0.9243958, 0.89076, 0.12212210000000001, 0.5708766200000001, 0.17829409999999998
0.007, 0.8898582, 0.857936, 0.13397748, 0.5911013, 0.18746116000000002
0.008, 0.8615526, 0.8310500000000001, 0.14516099999999998, 0.6093289000000001, 0.19643856
0.009, 0.837856, 0.808586, 0.155786, 0.6259612000000001, 0.20521114
0.01, 0.8176117999999999, 0.78939, 0.16593539999999998, 0.6412861, 0.21377712000000001
0.02, 0.70945638, 0.687268, 0.250659, 0.7524170200000001, 0.28980972000000005
0.03, 0.6679187200000001, 0.6484628, 0.317875, 0.8250569999999999, 0.35332312
0.04, 0.64933776, 0.631419, 0.3751466, 0.8791039799999999, 0.40857393999999997
0.05, 0.64168148, 0.624722, 0.42557100000000003, 0.92173744, 0.45775468
0.06, 0.6400553999999999, 0.6237204, 0.4708036, 0.95647972, 0.50215552
0.07, 0.64201756, 0.626144, 0.511863, 0.98536784, 0.54262952
0.08, 0.64628474, 0.6307402000000001, 0.5494362, 1.0096731599999997, 0.57976034
0.09, 0.6520015399999999, 0.6367073999999999, 0.5840148000000001, 1.03027898, 0.61398172
0.1, 0.65869676, 0.6435928000000001, 0.615965, 1.04781246, 0.6456419600000001
0.2, 0.73712954, 0.7229692000000001, 0.8342073999999999, 1.12109554, 0.8617769799999999
0.3, 0.81023416, 0.7958418, 0.9324684000000001, 1.09660338, 0.9594328799999999
0.4, 0.88842062, 0.8718254000000001, 0.9524999999999999, 1.02355366, 0.9830118600000001
0.5, 0.9852426, 0.9643601999999999, 0.9139140000000001, 0.9217571999999999, 0.9544638000000001
0.6, 1.0931232, 1.0662924, 0.8278996000000001, 0.8012144, 0.8860892
0.7, 1.1672354, 1.1327268, 0.7009794, 0.6662262000000001, 0.7833741999999999
0.8, 1.1131980000000001, 1.068066, 0.5361454, 0.5146852, 0.6437611999999999
0.9, 0.7816031999999999, 0.7260166, 0.3318294, 0.327905, 0.4446996
