# mu value:
1.300000
# num_x_vals
36
# x, INITIALPDFS_SAL5, SAL, ratio, DeltaPDFs
0.0001, 3.89112, 4.91689, 0.791377, 5.26907
0.0002, 3.18853, 3.29232, 0.968475, 3.92283
0.0003, 2.8376, 2.60117, 1.0909, 3.30674
0.0004, 2.61202, 2.19921, 1.18771, 2.93205
0.0005, 2.44931, 1.92994, 1.26911, 2.67274
0.0006, 2.32384, 1.73413, 1.34006, 2.47927
0.0007, 2.22263, 1.58364, 1.40349, 2.32744
0.0008, 2.13846, 1.46363, 1.46107, 2.20416
0.0009, 2.0668, 1.3651, 1.51402, 2.10137
0.001, 2.00465, 1.28237, 1.56323, 2.01388
0.002, 1.63825, 0.846272, 1.93584, 1.5308
0.003, 1.454, 0.660424, 2.20162, 1.31039
0.004, 1.33479, 0.552146, 2.41745, 1.17636
0.005, 1.24825, 0.479483, 2.60333, 1.08346
0.006, 1.18109, 0.426553, 2.76893, 1.01396
0.007, 1.12658, 0.38581, 2.92005, 0.959221
0.008, 1.08098, 0.353267, 3.05994, 0.914589
0.009, 1.04191, 0.326512, 3.19102, 0.877198
0.01, 1.00782, 0.304017, 3.31502, 0.845208
0.02, 0.801315, 0.184847, 4.33502, 0.663431
0.03, 0.691724, 0.133713, 5.17319, 0.574359
0.04, 0.617427, 0.103873, 5.94405, 0.516092
0.05, 0.56123, 0.0838902, 6.69006, 0.472748
0.06, 0.515997, 0.069408, 7.43426, 0.438084
0.07, 0.478082, 0.0583437, 8.19423, 0.409046
0.08, 0.445433, 0.0495871, 8.98283, 0.383966
0.09, 0.416744, 0.0425283, 9.79921, 0.361814
0.1, 0.39115, 0.0366181, 10.6819, 0.341922
0.2, 0.225181, 0.00710817, 31.6792, 0.207812
0.3, 0.134289, -0.0025822, -52.0059, 0.128752
0.4, 0.0778683, -0.00658618, -11.823, 0.076887
0.5, 0.0422685, -0.00820445, -5.1519, 0.042749
0.6, 0.0205387, -0.00873329, -2.35177, 0.0211974
0.7, 0.00828995, -0.0082968, -0.999174, 0.00870737
0.8, 0.00236397, -0.00708425, -0.333694, 0.00252178
0.9, 0.000285679, -0.00481616, -0.0593169, 0.000309008
0.0001, 0.00225, 0.264443, 0.00850844, 0.000684312
0.0002, 0.00341117, 0.240655, 0.0141745, 0.00096631
0.0003, 0.0043514, 0.227305, 0.0191435, 0.00118086
0.0004, 0.00517187, 0.218136, 0.0237094, 0.00136062
0.0005, 0.00591339, 0.211214, 0.0279972, 0.00151821
0.0006, 0.00659747, 0.205687, 0.0320753, 0.0016601
0.0007, 0.00723726, 0.201105, 0.0359874, 0.00179014
0.0008, 0.00784136, 0.197207, 0.0397621, 0.0019108
0.0009, 0.00841589, 0.193823, 0.0434204, 0.00202383
0.001, 0.0089654, 0.19084, 0.0469785, 0.00213049
0.002, 0.0135896, 0.172297, 0.0788733, 0.00298371
0.003, 0.0173285, 0.162362, 0.106727, 0.00363114
0.004, 0.0205857, 0.15575, 0.132171, 0.00417338
0.005, 0.023524, 0.150887, 0.155904, 0.00464892
0.006, 0.0262295, 0.147098, 0.178313, 0.00507736
0.007, 0.0287548, 0.144028, 0.199647, 0.00547035
0.008, 0.0311344, 0.141475, 0.22007, 0.00583533
0.009, 0.0333928, 0.139307, 0.239706, 0.00617749
0.01, 0.0355482, 0.137438, 0.258649, 0.00650063
0.02, 0.0534729, 0.127005, 0.42103, 0.00909324
0.03, 0.0676211, 0.122646, 0.55135, 0.0110636
0.04, 0.0796366, 0.120445, 0.661189, 0.0127081
0.05, 0.0901905, 0.119256, 0.756278, 0.0141401
0.06, 0.0996409, 0.118598, 0.840154, 0.0154175
0.07, 0.10821, 0.118228, 0.915265, 0.0165746
0.08, 0.116043, 0.11801, 0.983336, 0.0176336
0.09, 0.123248, 0.117866, 1.04567, 0.0186101
0.1, 0.129903, 0.117739, 1.10331, 0.0195152
0.2, 0.175364, 0.11418, 1.53585, 0.0258785
0.3, 0.195821, 0.106132, 1.84506, 0.0290078
0.4, 0.199684, 0.0966638, 2.06576, 0.0298394
0.5, 0.190775, 0.0882639, 2.16141, 0.028776
0.6, 0.17128, 0.0821249, 2.0856, 0.0261048
0.7, 0.142563, 0.0783401, 1.81979, 0.0221628
0.8, 0.105455, 0.0757975, 1.39127, 0.0175627
0.9, 0.0602651, 0.0716736, 0.840827, 0.0137182
0.0001, 0.00226008, 0.264564, 0.00854268, 0.000688332
0.0002, 0.00343133, 0.240902, 0.0142437, 0.000973953
0.0003, 0.00438163, 0.22768, 0.0192447, 0.00119193
0.0004, 0.00521217, 0.218641, 0.0238389, 0.00137499
0.0005, 0.00596374, 0.211849, 0.0281509, 0.00153577
0.0006, 0.00665787, 0.206453, 0.0322488, 0.00168074
0.0007, 0.00730771, 0.202002, 0.0361763, 0.0018138
0.0008, 0.00792185, 0.198236, 0.0399617, 0.00193741
0.0009, 0.00850642, 0.194984, 0.0436261, 0.00205333
0.001, 0.00906596, 0.192134, 0.0471857, 0.00216282
0.002, 0.0137901, 0.17492, 0.0788367, 0.00304198
0.003, 0.0176283, 0.16632, 0.10599, 0.00371239
0.004, 0.0209842, 0.161042, 0.130303, 0.00427554
0.005, 0.0240207, 0.157511, 0.152502, 0.00477043
0.006, 0.0268238, 0.155047, 0.173004, 0.00521693
0.007, 0.029446, 0.153297, 0.192085, 0.00562692
0.008, 0.031922, 0.152057, 0.209934, 0.00600798
0.009, 0.0342761, 0.151196, 0.2267, 0.00636543
0.01, 0.0365267, 0.150626, 0.2425, 0.00670315
0.02, 0.0553716, 0.15274, 0.362523, 0.00941428
0.03, 0.0703844, 0.160083, 0.439674, 0.0114726
0.04, 0.0832114, 0.168743, 0.493126, 0.0131872
0.05, 0.0945262, 0.177606, 0.532225, 0.0146773
0.06, 0.104689, 0.186228, 0.562156, 0.0160039
0.07, 0.113925, 0.194407, 0.586014, 0.0172036
0.08, 0.122382, 0.202048, 0.605708, 0.0182996
0.09, 0.130169, 0.209116, 0.622472, 0.0193087
0.1, 0.137367, 0.215589, 0.63717, 0.0202428
0.2, 0.186526, 0.252086, 0.739929, 0.0268009
0.3, 0.208669, 0.25574, 0.815943, 0.0301734
0.4, 0.213449, 0.247708, 0.861696, 0.0315606
0.5, 0.205511, 0.240653, 0.853972, 0.0317195
0.6, 0.187501, 0.240553, 0.779456, 0.0315954
0.7, 0.160883, 0.248442, 0.64757, 0.03262
0.8, 0.126152, 0.260303, 0.484635, 0.0364315
0.9, 0.0824043, 0.2652, 0.310725, 0.0435795
0.0001, 0.000677352, 0.0647901, 0.0104546, 0.00020623
0.0002, 0.00102806, 0.061976, 0.016588, 0.000291672
0.0003, 0.00131247, 0.0598633, 0.0219245, 0.000356833
0.0004, 0.00156096, 0.0582425, 0.0268011, 0.000411524
0.0005, 0.00178577, 0.0569422, 0.031361, 0.00045954
0.0006, 0.00199333, 0.0558634, 0.0356823, 0.00050282
0.0007, 0.00218762, 0.0549455, 0.0398143, 0.000542529
0.0008, 0.00237119, 0.0541497, 0.0437895, 0.000579408
0.0009, 0.00254589, 0.0534495, 0.0476317, 0.000613982
0.001, 0.00271308, 0.0528259, 0.0513589, 0.000646631
0.002, 0.00412367, 0.048883, 0.084358, 0.000908538
0.003, 0.00526851, 0.0468061, 0.11256, 0.00110798
0.004, 0.0062687, 0.0454946, 0.13779, 0.00127535
0.005, 0.0071731, 0.0445979, 0.16084, 0.00142232
0.006, 0.00800751, 0.0439598, 0.182155, 0.00155484
0.007, 0.00878773, 0.0434968, 0.202032, 0.00167645
0.008, 0.00952408, 0.0431602, 0.220668, 0.00178943
0.009, 0.0102239, 0.0429183, 0.238219, 0.00189537
0.01, 0.0108928, 0.0427496, 0.254804, 0.00199542
0.02, 0.0164849, 0.0430574, 0.382859, 0.00279728
0.03, 0.0209311, 0.044727, 0.467975, 0.00340462
0.04, 0.0247251, 0.0467555, 0.528817, 0.00390968
0.05, 0.0280688, 0.048853, 0.574556, 0.004348
0.06, 0.0310702, 0.0509027, 0.610385, 0.0047378
0.07, 0.0337965, 0.0528502, 0.639477, 0.00509
0.08, 0.0362921, 0.0546701, 0.663838, 0.00541158
0.09, 0.0385893, 0.0563529, 0.68478, 0.00570748
0.1, 0.0407125, 0.0578899, 0.703275, 0.00598132
0.2, 0.0552137, 0.0663386, 0.832301, 0.00790138
0.3, 0.0617442, 0.0667135, 0.925514, 0.00887593
0.4, 0.063117, 0.0642315, 0.982649, 0.00923497
0.5, 0.0606709, 0.0620346, 0.978017, 0.00916999
0.6, 0.0551688, 0.0616049, 0.895527, 0.00891325
0.7, 0.0470437, 0.0631936, 0.744437, 0.00883815
0.8, 0.0364657, 0.065791, 0.554266, 0.00944008
0.9, 0.0232453, 0.0666582, 0.348724, 0.0109879
0.0001, -5.42101e-20, -0.0197849, 2.73998e-18, 9.19177e-20
0.0002, 2.10545e-21, -0.0139552, -1.50871e-19, 7.60836e-20
0.0003, -2.25874e-20, -0.0114286, 1.9764e-18, 1.3385e-19
0.0004, -1.75486e-19, -0.0099386, 1.7657e-17, 1.71828e-19
0.0005, -1.09777e-19, -0.00892899, 1.22945e-17, 1.05955e-19
0.0006, -1.12588e-19, -0.00818753, 1.37511e-17, 1.80685e-19
0.0007, -1.01317e-19, -0.00761278, 1.33088e-17, 2.30869e-19
0.0008, -2.31299e-19, -0.00715084, 3.23457e-17, 1.3064e-19
0.0009, -1.65623e-19, -0.00676894, 2.44681e-17, 2.10414e-19
0.001, -1.76332e-32, -0.00644623, 2.73542e-30, 1.79795e-19
0.002, 8.42178e-21, -0.00470679, -1.78928e-18, 4.00795e-19
0.003, -7.09546e-19, -0.00394207, 1.79993e-16, 4.40845e-19
0.004, -2.24798e-19, -0.00349094, 6.43945e-17, 6.79026e-19
0.005, -4.50582e-19, -0.00318798, 1.41338e-16, 7.27271e-19
0.006, -8.66455e-19, -0.0029691, 2.91824e-16, 9.08634e-19
0.007, -9.43177e-19, -0.00280329, 3.36454e-16, 1.04944e-18
0.008, 2.16187e-20, -0.00267382, -8.08533e-18, 7.48664e-19
0.009, -7.85295e-20, -0.00257046, 3.05508e-17, 9.35146e-19
0.01, -4.33681e-19, -0.00248659, 1.74408e-16, 1.35417e-18
0.02, -1.71273e-18, -0.00214872, 7.97092e-16, 9.78569e-19
0.03, -2.56446e-18, -0.00214507, 1.19551e-15, 2.1872e-18
0.04, 3.18897e-19, -0.00224617, -1.41973e-16, 1.42845e-18
0.05, 8.70469e-19, -0.00239169, -3.63956e-16, 3.21083e-18
0.06, 1.03514e-18, -0.00255772, -4.04711e-16, 3.83501e-18
0.07, 1.89607e-19, -0.00273292, -6.93787e-17, 4.81994e-18
0.08, -1.71526e-18, -0.00290004, 5.91461e-16, 2.59225e-18
0.09, -1.89279e-18, -0.00317522, 5.96115e-16, 1.90107e-18
0.1, -1.73472e-18, -0.00325708, 5.326e-16, 3.00463e-18
0.2, -6.0984e-18, -0.00341772, 1.78435e-15, 7.33204e-18
0.3, -1.41482e-18, -0.0042678, 3.3151e-16, 5.98744e-18
0.4, -1.10069e-18, -0.00518204, 2.12405e-16, 6.1258e-18
0.5, -9.21144e-18, -0.00649092, 1.41913e-15, 4.85054e-18
0.6, -4.98456e-18, -0.00138102, 3.60934e-15, 2.04188e-17
0.7, -6.99434e-19, -0.00143423, 4.87674e-16, 2.35664e-18
0.8, -6.20514e-19, 0.00457421, -1.35655e-16, 4.44887e-18
0.9, -9.32625e-19, -0.00135153, 6.90052e-16, 1.86651e-18
0.0001, 3.44833e-33, -6.93889e-18, -4.96957e-16, 1.53329e-19
0.0002, -4.60482e-20, -6.81788e-18, 0.00675404, 1.46288e-19
0.0003, -3.47395e-19, -1.1582e-17, 0.0299945, 1.60054e-19
0.0004, -1.72914e-19, -1.25959e-17, 0.0137278, 2.00166e-19
0.0005, -4.38523e-19, -1.74393e-17, 0.0251457, 3.04937e-19
0.0006, -2.47475e-19, -1.33217e-18, 0.185768, 2.78782e-19
0.0007, -4.23044e-19, -2.07984e-17, 0.0203402, 1.71675e-19
0.0008, -5.4933e-19, -1.42261e-17, 0.0386142, 2.1411e-19
0.0009, -6.72169e-19, -1.67062e-17, 0.0402347, 5.44338e-19
0.001, -6.50521e-19, -1.27482e-30, 5.10286e+11, 6.45988e-19
0.002, -2.17518e-19, -1.66671e-17, 0.0130507, 6.87506e-19
0.003, -8.3122e-19, -3.82787e-18, 0.21715, 1.07828e-18
0.004, -1.88173e-18, -9.21646e-18, 0.204171, 1.19769e-18
0.005, -8.6204e-19, -5.05125e-18, 0.170659, 8.48794e-19
0.006, -1.37695e-18, -9.70464e-18, 0.141885, 1.18482e-18
0.007, -2.66806e-18, -5.66103e-18, 0.471302, 1.55645e-18
0.008, -7.25215e-19, -2.07416e-18, 0.349643, 1.42223e-18
0.009, -1.52007e-19, -9.90886e-18, 0.0153405, 1.20245e-18
0.01, -1.30104e-18, -1.38778e-17, 0.09375, 2.86032e-18
0.02, -3.5361e-18, -7.12717e-18, 0.496143, 2.71502e-18
0.03, -1.76726e-18, -4.84518e-18, 0.364746, 3.18459e-18
0.04, -3.07812e-18, -8.62439e-18, 0.356909, 4.61472e-18
0.05, -4.34886e-18, -1.61135e-18, 2.69889, 4.21736e-18
0.06, -4.36134e-18, -1.02033e-18, 4.27443, 3.04233e-18
0.07, -1.75526e-18, -8.75128e-18, 0.200572, 7.08588e-18
0.08, -4.32884e-18, -4.72556e-18, 0.916047, 5.5354e-18
0.09, -5.94697e-18, -1.28954e-17, 0.461171, 1.94354e-18
0.1, -3.46945e-18, -1.04083e-17, 0.333333, 5.88273e-18
0.2, -1.61875e-17, -9.19985e-18, 1.75954, 6.98298e-18
0.3, -4.64208e-18, -7.58876e-18, 0.611705, 7.22673e-18
0.4, -1.81567e-18, -6.90118e-18, 0.263096, 8.36003e-18
0.5, -1.20131e-17, -5.4255e-18, 2.2142, 1.16911e-17
0.6, 1.31669e-18, -2.5197e-17, -0.052256, 2.60488e-17
0.7, -5.54446e-18, -3.00475e-18, 1.84523, 8.11586e-18
0.8, 5.50225e-18, -2.81503e-17, -0.195459, 8.32641e-18
0.9, -3.32493e-18, -1.33865e-17, 0.248379, 3.0432e-18
0.0001, 0, 0, -nan, 0
0.0002, 0, 0, -nan, 0
0.0003, 0, 0, -nan, 0
0.0004, 0, 0, -nan, 0
0.0005, 0, 0, -nan, 0
0.0006, 0, 0, -nan, 0
0.0007, 0, 0, -nan, 0
0.0008, 0, 0, -nan, 0
0.0009, 0, 0, -nan, 0
0.001, 0, 0, -nan, 0
0.002, 0, 0, -nan, 0
0.003, 0, 0, -nan, 0
0.004, 0, 0, -nan, 0
0.005, 0, 0, -nan, 0
0.006, 0, 0, -nan, 0
0.007, 0, 0, -nan, 0
0.008, 0, 0, -nan, 0
0.009, 0, 0, -nan, 0
0.01, 0, 0, -nan, 0
0.02, 0, 0, -nan, 0
0.03, 0, 0, -nan, 0
0.04, 0, 0, -nan, 0
0.05, 0, 0, -nan, 0
0.06, 0, 0, -nan, 0
0.07, 0, 0, -nan, 0
0.08, 0, 0, -nan, 0
0.09, 0, 0, -nan, 0
0.1, 0, 0, -nan, 0
0.2, 0, 0, -nan, 0
0.3, 0, 0, -nan, 0
0.4, 0, 0, -nan, 0
0.5, 0, 0, -nan, 0
0.6, 0, 0, -nan, 0
0.7, 0, 0, -nan, 0
0.8, 0, 0, -nan, 0
0.9, 0, 0, -nan, 0
