# mu value:
3.162278
# num_x_vals
36
# x, apfel++, lhapdf, ratio
0.0001, 35.9264, 35.5373, 1.01095
0.0002, 27.8709, 27.6526, 1.0079
0.0003, 23.9268, 23.7783, 1.00625
0.0004, 21.4291, 21.3205, 1.00509
0.0005, 19.6496, 19.5666, 1.00424
0.0006, 18.2918, 18.2264, 1.00359
0.0007, 17.2067, 17.155, 1.00301
0.0008, 16.312, 16.2706, 1.00255
0.0009, 15.5561, 15.523, 1.00213
0.001, 14.9053, 14.8791, 1.00176
0.002, 11.1727, 11.1788, 0.999457
0.003, 9.38006, 9.39718, 0.998177
0.004, 8.25886, 8.28173, 0.997239
0.005, 7.46758, 7.49381, 0.9965
0.006, 6.86836, 6.8965, 0.99592
0.007, 6.39249, 6.4222, 0.995375
0.008, 6.00228, 6.03308, 0.994895
0.009, 5.67414, 5.70615, 0.99439
0.01, 5.39276, 5.4251, 0.99404
0.02, 3.80268, 3.83691, 0.991079
0.03, 3.0548, 3.08898, 0.988934
0.04, 2.59294, 2.62678, 0.987119
0.05, 2.26994, 2.30324, 0.985543
0.06, 2.0271, 2.05961, 0.984217
0.07, 1.83544, 1.86716, 0.983012
0.08, 1.67907, 1.70998, 0.981924
0.09, 1.548, 1.57816, 0.980893
0.1, 1.43787, 1.46553, 0.981129
0.2, 0.816899, 0.83483, 0.978522
0.3, 0.529538, 0.543448, 0.974405
0.4, 0.356385, 0.367184, 0.970588
0.5, 0.238648, 0.247016, 0.966122
0.6, 0.154387, 0.159701, 0.96673
0.7, 0.0909391, 0.0944797, 0.962525
0.8, 0.0447924, 0.0464714, 0.96387
0.9, 0.0141126, 0.014381, 0.98133
0.0001, 0.735376, 0.727114, 1.01136
0.0002, 0.591191, 0.587869, 1.00565
0.0003, 0.51936, 0.517856, 1.0029
0.0004, 0.473439, 0.47287, 1.0012
0.0005, 0.44053, 0.440507, 1.00005
0.0006, 0.415323, 0.41564, 0.999237
0.0007, 0.395128, 0.395683, 0.998596
0.0008, 0.37845, 0.379166, 0.998112
0.0009, 0.364346, 0.365178, 0.997722
0.001, 0.352198, 0.353117, 0.9974
0.002, 0.282785, 0.283905, 0.996055
0.003, 0.250049, 0.251106, 0.995791
0.004, 0.230081, 0.231065, 0.995742
0.005, 0.216382, 0.2173, 0.995772
0.006, 0.206316, 0.207177, 0.995845
0.007, 0.198571, 0.19939, 0.995891
0.008, 0.192426, 0.193208, 0.995951
0.009, 0.187431, 0.188196, 0.995935
0.01, 0.183291, 0.184023, 0.996022
0.02, 0.163685, 0.164245, 0.996585
0.03, 0.15805, 0.158441, 0.997537
0.04, 0.156474, 0.156654, 0.998848
0.05, 0.156529, 0.156468, 1.00039
0.06, 0.157328, 0.157004, 1.00206
0.07, 0.158472, 0.157877, 1.00377
0.08, 0.159769, 0.158901, 1.00546
0.09, 0.161107, 0.159972, 1.0071
0.1, 0.16244, 0.161036, 1.00871
0.2, 0.17138, 0.168406, 1.01766
0.3, 0.172577, 0.170065, 1.01477
0.4, 0.168713, 0.168055, 1.00391
0.5, 0.161883, 0.163563, 0.98973
0.6, 0.153603, 0.157028, 0.978191
0.7, 0.144265, 0.148269, 0.972994
0.8, 0.133543, 0.136193, 0.98054
0.9, 0.117903, 0.117027, 1.00748
0.0001, 0.733645, 0.734295, 0.999115
0.0002, 0.589289, 0.586493, 1.00477
0.0003, 0.517778, 0.513899, 1.00755
0.0004, 0.472248, 0.46798, 1.00912
0.0005, 0.439731, 0.435341, 1.01008
0.0006, 0.414896, 0.410511, 1.01068
0.0007, 0.395051, 0.390755, 1.01099
0.0008, 0.378701, 0.374525, 1.01115
0.0009, 0.364907, 0.360876, 1.01117
0.001, 0.35305, 0.349178, 1.01109
0.002, 0.285889, 0.283603, 1.00806
0.003, 0.254753, 0.253723, 1.00406
0.004, 0.236066, 0.236022, 1.00019
0.005, 0.223459, 0.224204, 0.99668
0.006, 0.214364, 0.215749, 0.993579
0.007, 0.207502, 0.209427, 0.990807
0.008, 0.202177, 0.204555, 0.988375
0.009, 0.197952, 0.200732, 0.986154
0.01, 0.194544, 0.197648, 0.984296
0.02, 0.181121, 0.185887, 0.974358
0.03, 0.180762, 0.185847, 0.972641
0.04, 0.184065, 0.188971, 0.974042
0.05, 0.188753, 0.193265, 0.976652
0.06, 0.193998, 0.198022, 0.979677
0.07, 0.199434, 0.202948, 0.982684
0.08, 0.204886, 0.207904, 0.985487
0.09, 0.210248, 0.212806, 0.98798
0.1, 0.215521, 0.217627, 0.990321
0.2, 0.258627, 0.259535, 0.996504
0.3, 0.287111, 0.291093, 0.986318
0.4, 0.306832, 0.314413, 0.975889
0.5, 0.322649, 0.331076, 0.974546
0.6, 0.339204, 0.343444, 0.987656
0.7, 0.358904, 0.356257, 1.00743
0.8, 0.383282, 0.376763, 1.0173
0.9, 0.399812, 0.403551, 0.990735
0.0001, 0.72965, 0.721148, 1.01179
0.0002, 0.585011, 0.580308, 1.00811
0.0003, 0.512459, 0.509209, 1.00638
0.0004, 0.465794, 0.463336, 1.00531
0.0005, 0.432163, 0.430197, 1.00457
0.0006, 0.406263, 0.404628, 1.00404
0.0007, 0.385406, 0.384025, 1.0036
0.0008, 0.368094, 0.366902, 1.00325
0.0009, 0.353383, 0.352344, 1.00295
0.001, 0.340652, 0.339739, 1.00269
0.002, 0.266347, 0.266065, 1.00106
0.003, 0.229765, 0.229769, 0.999983
0.004, 0.206553, 0.206758, 0.99901
0.005, 0.19001, 0.190372, 0.998099
0.006, 0.177394, 0.177883, 0.997251
0.007, 0.167324, 0.167929, 0.996396
0.008, 0.159035, 0.159741, 0.99558
0.009, 0.152044, 0.15285, 0.994728
0.01, 0.146037, 0.146919, 0.993996
0.02, 0.112045, 0.113449, 0.987623
0.03, 0.0962782, 0.0979169, 0.983264
0.04, 0.0867939, 0.0885275, 0.980417
0.05, 0.0803709, 0.0821169, 0.978737
0.06, 0.0757105, 0.0774145, 0.977988
0.07, 0.0721672, 0.0737997, 0.97788
0.08, 0.0693881, 0.0709286, 0.978281
0.09, 0.067152, 0.0685871, 0.979075
0.1, 0.0653285, 0.0666438, 0.980263
0.2, 0.0569127, 0.0572709, 0.993746
0.3, 0.0548819, 0.0548785, 1.00006
0.4, 0.0556176, 0.0556289, 0.999796
0.5, 0.0589513, 0.0590851, 0.997735
0.6, 0.0653107, 0.0653785, 0.998963
0.7, 0.0744179, 0.0745121, 0.998735
0.8, 0.0853805, 0.0856813, 0.996489
0.9, 0.0940333, 0.095165, 0.988107
0.0001, 0.462119, 0.462498, 0.999181
0.0002, 0.361624, 0.362092, 0.99871
0.0003, 0.311979, 0.312367, 0.998755
0.0004, 0.280364, 0.280674, 0.998894
0.0005, 0.257751, 0.257984, 0.999095
0.0006, 0.240443, 0.240605, 0.999324
0.0007, 0.226577, 0.226686, 0.99952
0.0008, 0.215121, 0.215178, 0.999733
0.0009, 0.205425, 0.20544, 0.999924
0.001, 0.197064, 0.197044, 1.0001
0.002, 0.148921, 0.148705, 1.00146
0.003, 0.125729, 0.125453, 1.00221
0.004, 0.111251, 0.110967, 1.00256
0.005, 0.101078, 0.100807, 1.00269
0.006, 0.0934227, 0.0931711, 1.0027
0.007, 0.0873896, 0.0871659, 1.00257
0.008, 0.0824857, 0.0822903, 1.00237
0.009, 0.0784024, 0.078243, 1.00204
0.01, 0.0749386, 0.0748013, 1.00183
0.02, 0.0565486, 0.0566053, 0.998998
0.03, 0.0493413, 0.0494664, 0.99747
0.04, 0.0458799, 0.0459999, 0.99739
0.05, 0.0441839, 0.0442586, 0.998312
0.06, 0.0434626, 0.0434682, 0.999873
0.07, 0.043327, 0.0432571, 1.00162
0.08, 0.0435666, 0.0434225, 1.00332
0.09, 0.0440488, 0.043836, 1.00485
0.1, 0.0447074, 0.0444251, 1.00635
0.2, 0.0536326, 0.0533926, 1.0045
0.3, 0.0622191, 0.0626945, 0.992417
0.4, 0.0713087, 0.0720861, 0.989215
0.5, 0.0835081, 0.0837059, 0.997637
0.6, 0.101684, 0.100534, 1.01145
0.7, 0.127583, 0.125809, 1.0141
0.8, 0.162365, 0.161926, 1.00271
0.9, 0.203162, 0.20632, 0.984694
0.0001, -1.38778e-17, 0, -inf
0.0002, -4.25899e-17, 0, -inf
0.0003, -2.05546e-17, 0, -inf
0.0004, -2.20656e-17, 0, -inf
0.0005, -2.12547e-17, 0, -inf
0.0006, -4.19456e-18, 0, -inf
0.0007, -8.45802e-18, 0, -inf
0.0008, 1.43706e-17, 0, inf
0.0009, -5.55139e-18, 0, -inf
0.001, -3.46945e-17, 0, -inf
0.002, -1.54166e-17, 0, -inf
0.003, -1.97101e-17, 0, -inf
0.004, -1.32112e-17, 0, -inf
0.005, -1.05655e-17, 0, -inf
0.006, -1.04011e-17, 0, -inf
0.007, -1.10925e-17, 0, -inf
0.008, -4.24345e-18, 0, -inf
0.009, -9.7914e-18, 0, -inf
0.01, -1.04083e-17, 0, -inf
0.02, -1.76194e-17, 0, -inf
0.03, -4.42834e-18, 0, -inf
0.04, -6.85661e-18, 0, -inf
0.05, -1.74671e-17, 0, -inf
0.06, -1.4976e-17, 0, -inf
0.07, -1.43346e-17, 0, -inf
0.08, -1.09488e-17, 0, -inf
0.09, -1.82749e-17, 0, -inf
0.1, -1.73472e-17, 0, -inf
0.2, -1.24013e-17, 0, -inf
0.3, -2.25681e-18, 0, -inf
0.4, -8.26931e-18, 0, -inf
0.5, 2.36038e-21, 0, inf
0.6, -7.69615e-18, 0, -inf
0.7, -7.69134e-18, 0, -inf
0.8, -2.86781e-17, 0, -inf
0.9, -2.81341e-17, 0, -inf
0.0001, 0, 0, -nan
0.0002, 0, 0, -nan
0.0003, 0, 0, -nan
0.0004, 0, 0, -nan
0.0005, 0, 0, -nan
0.0006, 0, 0, -nan
0.0007, 0, 0, -nan
0.0008, 0, 0, -nan
0.0009, 0, 0, -nan
0.001, 0, 0, -nan
0.002, 0, 0, -nan
0.003, 0, 0, -nan
0.004, 0, 0, -nan
0.005, 0, 0, -nan
0.006, 0, 0, -nan
0.007, 0, 0, -nan
0.008, 0, 0, -nan
0.009, 0, 0, -nan
0.01, 0, 0, -nan
0.02, 0, 0, -nan
0.03, 0, 0, -nan
0.04, 0, 0, -nan
0.05, 0, 0, -nan
0.06, 0, 0, -nan
0.07, 0, 0, -nan
0.08, 0, 0, -nan
0.09, 0, 0, -nan
0.1, 0, 0, -nan
0.2, 0, 0, -nan
0.3, 0, 0, -nan
0.4, 0, 0, -nan
0.5, 0, 0, -nan
0.6, 0, 0, -nan
0.7, 0, 0, -nan
0.8, 0, 0, -nan
0.9, 0, 0, -nan
