# mu value:
1.300000
# num_x_vals
36
# x, INITIALPDFS_SAL5, SAL, ratio, DeltaPDFs
0.0001, 2.99918, 4.91689, 0.609976, 269.652
0.0002, 2.48162, 3.29232, 0.753762, 121.564
0.0003, 2.22108, 2.60117, 0.853877, 76.2968
0.0004, 2.05276, 2.19921, 0.933408, 54.8188
0.0005, 1.93092, 1.92994, 1.00051, 42.4284
0.0006, 1.83669, 1.73413, 1.05914, 34.4258
0.0007, 1.76049, 1.58364, 1.11167, 28.8467
0.0008, 1.69699, 1.46363, 1.15944, 24.7572
0.0009, 1.64283, 1.3651, 1.20345, 21.6377
0.001, 1.59579, 1.28237, 1.2444, 19.1832
0.002, 1.31684, 0.846272, 1.55605, 8.75578
0.003, 1.1754, 0.660424, 1.77976, 5.60406
0.004, 1.08339, 0.552146, 1.96213, 4.13008
0.005, 1.01632, 0.479483, 2.11962, 3.29367
0.006, 0.964098, 0.426553, 2.26021, 2.76281
0.007, 0.921592, 0.38581, 2.38872, 2.39919
0.008, 0.885938, 0.353267, 2.50784, 2.13712
0.009, 0.855328, 0.326512, 2.61959, 1.94033
0.01, 0.82857, 0.304017, 2.7254, 1.78767
0.02, 0.66522, 0.184847, 3.59876, 1.15754
0.03, 0.577512, 0.133713, 4.31903, 0.956609
0.04, 0.517564, 0.103873, 4.98265, 0.846266
0.05, 0.47193, 0.0838902, 5.62556, 0.770535
0.06, 0.435003, 0.069408, 6.26733, 0.712407
0.07, 0.40391, 0.0583437, 6.92295, 0.664809
0.08, 0.377031, 0.0495871, 7.60341, 0.624281
0.09, 0.35333, 0.0425283, 8.30812, 0.588823
0.1, 0.332121, 0.0366181, 9.06986, 0.557199
0.2, 0.193064, 0.00710817, 27.1609, 0.347382
0.3, 0.115792, -0.0025822, -44.8424, 0.223782
0.4, 0.0674136, -0.00658618, -10.2356, 0.140041
0.5, 0.036708, -0.00820445, -4.47416, 0.081929
0.6, 0.0178824, -0.00873329, -2.04762, 0.0428181
0.7, 0.00723341, -0.0082968, -0.871831, 0.0185403
0.8, 0.00206655, -0.00708425, -0.29171, 0.00565544
0.9, 0.000250149, -0.00481616, -0.0519396, 0.000728891
0.0001, 0.00213471, 0.264443, 0.00807246, 0.010857
0.0002, 0.00326134, 0.240655, 0.0135519, 0.0135717
0.0003, 0.00417899, 0.227305, 0.018385, 0.015453
0.0004, 0.0049828, 0.218136, 0.0228426, 0.0169364
0.0005, 0.00571129, 0.211214, 0.0270403, 0.0181786
0.0006, 0.00638486, 0.205687, 0.0310416, 0.0192563
0.0007, 0.00701598, 0.201105, 0.0348871, 0.0202134
0.0008, 0.00761284, 0.197207, 0.0386033, 0.0210775
0.0009, 0.00818128, 0.193823, 0.04221, 0.0218674
0.001, 0.00872563, 0.19084, 0.0457221, 0.0225965
0.002, 0.0133278, 0.172297, 0.0773534, 0.0279452
0.003, 0.0170707, 0.162362, 0.105139, 0.0315315
0.004, 0.0203436, 0.15575, 0.130617, 0.0342781
0.005, 0.0233045, 0.150887, 0.154449, 0.0365166
0.006, 0.0260367, 0.147098, 0.177002, 0.0384089
0.007, 0.0285917, 0.144028, 0.198515, 0.0400483
0.008, 0.031003, 0.141475, 0.219142, 0.0414928
0.009, 0.0332947, 0.139307, 0.239002, 0.0427823
0.01, 0.0354846, 0.137438, 0.258186, 0.043945
0.02, 0.0537809, 0.127005, 0.423455, 0.0515492
0.03, 0.0683088, 0.122646, 0.556957, 0.0555631
0.04, 0.0806952, 0.120445, 0.669978, 0.0579225
0.05, 0.0916075, 0.119256, 0.76816, 0.0593201
0.06, 0.101403, 0.118598, 0.855012, 0.0600932
0.07, 0.110303, 0.118228, 0.932975, 0.0604357
0.08, 0.118456, 0.11801, 1.00378, 0.0604673
0.09, 0.125967, 0.117866, 1.06874, 0.0602704
0.1, 0.132917, 0.117739, 1.12891, 0.0599031
0.2, 0.180741, 0.11418, 1.58295, 0.0527523
0.3, 0.202678, 0.106132, 1.90967, 0.0450837
0.4, 0.207276, 0.0966638, 2.1443, 0.101712
0.5, 0.198432, 0.0882639, 2.24817, 0.0612726
0.6, 0.178379, 0.0821249, 2.17205, 0.0532831
0.7, 0.148517, 0.0783401, 1.8958, 0.0468774
0.8, 0.109712, 0.0757975, 1.44744, 0.037425
0.9, 0.0623223, 0.0716736, 0.86953, 0.0235448
0.0001, 0.00214461, 0.264564, 0.00810621, 0.0108521
0.0002, 0.00328113, 0.240902, 0.0136202, 0.0135618
0.0003, 0.00420867, 0.22768, 0.018485, 0.015438
0.0004, 0.00502236, 0.218641, 0.0229708, 0.0169164
0.0005, 0.00576074, 0.211849, 0.0271927, 0.0181537
0.0006, 0.00644417, 0.206453, 0.0312137, 0.0192262
0.0007, 0.00708516, 0.202002, 0.0350746, 0.0201783
0.0008, 0.00769187, 0.198236, 0.0388016, 0.0210374
0.0009, 0.00827016, 0.194984, 0.0424145, 0.0218222
0.001, 0.00882435, 0.192134, 0.0459282, 0.0225463
0.002, 0.0135246, 0.17492, 0.0773188, 0.0278444
0.003, 0.017365, 0.16632, 0.104407, 0.0313801
0.004, 0.0207349, 0.161042, 0.128754, 0.0340763
0.005, 0.023792, 0.157511, 0.15105, 0.0362646
0.006, 0.0266199, 0.155047, 0.171689, 0.0381068
0.007, 0.02927, 0.153297, 0.190936, 0.0396964
0.008, 0.0317758, 0.152057, 0.208973, 0.0410912
0.009, 0.0341614, 0.151196, 0.225941, 0.0423312
0.01, 0.0364446, 0.150626, 0.241954, 0.0434446
0.02, 0.055642, 0.15274, 0.364293, 0.0505672
0.03, 0.071015, 0.160083, 0.443613, 0.0541178
0.04, 0.0841931, 0.168743, 0.498943, 0.05603
0.05, 0.0958462, 0.177606, 0.539658, 0.0569943
0.06, 0.106334, 0.186228, 0.570989, 0.0573457
0.07, 0.115882, 0.194407, 0.596078, 0.057276
0.08, 0.124638, 0.202048, 0.61687, 0.0569033
0.09, 0.132711, 0.209116, 0.634627, 0.0563078
0.1, 0.140183, 0.215589, 0.650233, 0.0555458
0.2, 0.191525, 0.252086, 0.759757, 0.0442262
0.3, 0.215003, 0.25574, 0.840711, 0.0312436
0.4, 0.220395, 0.247708, 0.889738, 0.501138
0.5, 0.212392, 0.240653, 0.882563, 0.104753
0.6, 0.193656, 0.240553, 0.805043, 0.0765623
0.7, 0.165673, 0.248442, 0.666847, 0.0658254
0.8, 0.128979, 0.260303, 0.495495, 0.0552705
0.9, 0.0827952, 0.2652, 0.312199, 0.0407022
0.0001, 0.000642723, 0.0647901, 0.00992007, 0.00325595
0.0002, 0.00098302, 0.061976, 0.0158613, 0.0040692
0.0003, 0.00126062, 0.0598633, 0.0210584, 0.0046324
0.0004, 0.00150407, 0.0582425, 0.0258243, 0.00507626
0.0005, 0.00172492, 0.0569422, 0.0302925, 0.00544776
0.0006, 0.0019293, 0.0558634, 0.0345359, 0.00576987
0.0007, 0.00212094, 0.0549455, 0.0386007, 0.00605584
0.0008, 0.00230229, 0.0541497, 0.0425172, 0.00631389
0.0009, 0.00247512, 0.0534495, 0.0463077, 0.00654968
0.001, 0.00264072, 0.0528259, 0.0499892, 0.00676724
0.002, 0.00404426, 0.048883, 0.0827334, 0.00836003
0.003, 0.00518988, 0.0468061, 0.11088, 0.00942412
0.004, 0.00619438, 0.0454946, 0.136156, 0.0102363
0.005, 0.00710509, 0.0445979, 0.159315, 0.0108962
0.006, 0.0079471, 0.0439598, 0.180781, 0.0114522
0.007, 0.00873579, 0.0434968, 0.200837, 0.0119324
0.008, 0.00948123, 0.0431602, 0.219675, 0.0123541
0.009, 0.0101906, 0.0429183, 0.237443, 0.0127294
0.01, 0.0108694, 0.0427496, 0.254256, 0.0130667
0.02, 0.0165685, 0.0430574, 0.384801, 0.0152356
0.03, 0.0211241, 0.044727, 0.472289, 0.0163316
0.04, 0.0250247, 0.0467555, 0.535225, 0.016935
0.05, 0.0284713, 0.048853, 0.582795, 0.0172531
0.06, 0.0315715, 0.0509027, 0.620233, 0.0173866
0.07, 0.0343926, 0.0528502, 0.650757, 0.017393
0.08, 0.0369792, 0.0546701, 0.676406, 0.0173081
0.09, 0.0393637, 0.0563529, 0.698521, 0.0171558
0.1, 0.0415706, 0.0578899, 0.718097, 0.0169533
0.2, 0.0567385, 0.0663386, 0.855286, 0.0138226
0.3, 0.0636793, 0.0667135, 0.954519, 0.0100535
0.4, 0.0652439, 0.0642315, 1.01576, 0.123508
0.5, 0.0627868, 0.0620346, 1.01213, 0.0284238
0.6, 0.0570783, 0.0616049, 0.926522, 0.0213527
0.7, 0.0485581, 0.0631936, 0.768402, 0.0184329
0.8, 0.0374092, 0.065791, 0.568607, 0.0153446
0.9, 0.0234737, 0.0666582, 0.35215, 0.0110283
0.0001, -5.42101e-20, -0.0197849, 2.73998e-18, 5.94615e-20
0.0002, -1.05844e-19, -0.0139552, 7.58453e-18, 4.5581e-19
0.0003, -1.24633e-19, -0.0114286, 1.09054e-17, 1.82653e-19
0.0004, -1.30472e-19, -0.0099386, 1.31278e-17, 4.25903e-19
0.0005, 5.1105e-20, -0.00892899, -5.72349e-18, 4.83505e-19
0.0006, -9.65549e-20, -0.00818753, 1.17929e-17, 5.02255e-19
0.0007, 1.89893e-20, -0.00761278, -2.49439e-18, 4.71855e-19
0.0008, -3.03506e-19, -0.00715084, 4.24434e-17, 4.46504e-19
0.0009, -1.05189e-19, -0.00676894, 1.55399e-17, 6.2405e-19
0.001, -1.0842e-19, -0.00644623, 1.68192e-17, 1.11888e-18
0.002, -6.32834e-19, -0.00470679, 1.34451e-16, 5.36605e-19
0.003, -4.30103e-19, -0.00394207, 1.09106e-16, 8.3048e-19
0.004, -6.14353e-20, -0.00349094, 1.75985e-17, 1.33491e-18
0.005, 2.3207e-19, -0.00318798, -7.27955e-17, 9.57705e-19
0.006, -4.81142e-19, -0.0029691, 1.6205e-16, 2.55343e-18
0.007, -9.43319e-19, -0.00280329, 3.36505e-16, 6.97671e-19
0.008, 3.94763e-19, -0.00267382, -1.4764e-16, 4.0697e-19
0.009, -5.9375e-19, -0.00257046, 2.3099e-16, 1.28285e-18
0.01, -1.30104e-18, -0.00248659, 5.23223e-16, 9.26343e-19
0.02, -2.95284e-20, -0.00214872, 1.37423e-17, 2.443e-18
0.03, -1.55671e-19, -0.00214507, 7.25717e-17, 2.2844e-18
0.04, -2.18688e-18, -0.00224617, 9.736e-16, 2.15757e-18
0.05, -3.50316e-18, -0.00239169, 1.46472e-15, 3.71388e-18
0.06, -5.9981e-19, -0.00255772, 2.3451e-16, 3.50681e-18
0.07, -3.46832e-18, -0.00273292, 1.26909e-15, 5.53501e-18
0.08, -1.23315e-18, -0.00290004, 4.25219e-16, 3.82472e-18
0.09, 1.22649e-18, -0.00317522, -3.86271e-16, 4.3145e-18
0.1, -1.73472e-18, -0.00325708, 5.326e-16, 1.98738e-18
0.2, -2.51922e-18, -0.00341772, 7.37107e-16, 8.74348e-18
0.3, -5.08618e-18, -0.0042678, 1.19176e-15, 4.71709e-18
0.4, -9.56318e-18, -0.00518204, 1.84545e-15, 7.92342e-18
0.5, 1.9507e-19, -0.00649092, -3.00528e-17, 5.58219e-18
0.6, 1.25768e-18, -0.00138102, -9.10693e-16, 9.31387e-18
0.7, -2.28352e-18, -0.00143423, 1.59216e-15, 2.88586e-18
0.8, -4.97282e-18, 0.00457421, -1.08714e-15, 5.58318e-18
0.9, -4.19e-19, -0.00135153, 3.10019e-16, 2.2588e-18
0.0001, -4.99839e-33, -6.93889e-18, 7.20344e-16, 2.37556e-19
0.0002, -3.19035e-19, -6.81788e-18, 0.0467939, 1.07346e-18
0.0003, -3.78332e-19, -1.1582e-17, 0.0326656, 3.11605e-19
0.0004, -4.40197e-19, -1.25959e-17, 0.0349475, 3.31557e-19
0.0005, -3.81836e-19, -1.74393e-17, 0.0218952, 1.34647e-18
0.0006, -2.6573e-19, -1.33217e-18, 0.199471, 2.83966e-19
0.0007, -9.18574e-20, -2.07984e-17, 0.00441656, 1.68834e-18
0.0008, -4.36653e-19, -1.42261e-17, 0.0306938, 1.22572e-18
0.0009, -4.3656e-19, -1.67062e-17, 0.0261316, 1.04162e-18
0.001, -3.25261e-19, -1.27482e-30, 2.55143e+11, 1.14099e-18
0.002, -8.2923e-19, -1.66671e-17, 0.0497525, 1.34205e-18
0.003, -1.27464e-18, -3.82787e-18, 0.332989, 2.34201e-18
0.004, -7.70794e-20, -9.21646e-18, 0.00836323, 1.7063e-18
0.005, -1.524e-18, -5.05125e-18, 0.301708, 1.65506e-18
0.006, -1.51912e-18, -9.70464e-18, 0.156535, 2.12268e-18
0.007, -1.80126e-18, -5.66103e-18, 0.318185, 2.63766e-18
0.008, -9.61405e-19, -2.07416e-18, 0.463516, 9.36526e-19
0.009, -1.83974e-18, -9.90886e-18, 0.185666, 3.71599e-18
0.01, -1.30104e-18, -1.38778e-17, 0.09375, 4.0625e-18
0.02, -1.89068e-18, -7.12717e-18, 0.265278, 3.872e-18
0.03, -5.35259e-18, -4.84518e-18, 1.10472, 6.54239e-18
0.04, -2.70088e-18, -8.62439e-18, 0.313167, 7.87616e-18
0.05, -8.74727e-18, -1.61135e-18, 5.42853, 5.99621e-18
0.06, -3.19087e-18, -1.02033e-18, 3.12728, 7.20847e-18
0.07, -1.06545e-17, -8.75128e-18, 1.21748, 8.5912e-18
0.08, -3.70187e-18, -4.72556e-18, 0.783371, 9.05433e-18
0.09, -4.22461e-18, -1.28954e-17, 0.327607, 9.30594e-18
0.1, -5.20417e-18, -1.04083e-17, 0.5, 6.78818e-18
0.2, -9.30341e-18, -9.19985e-18, 1.01126, 6.32619e-18
0.3, -8.87925e-18, -7.58876e-18, 1.17005, 1.04074e-17
0.4, -1.10927e-17, -6.90118e-18, 1.60736, 1.60611e-17
0.5, -6.32051e-18, -5.4255e-18, 1.16496, 9.92034e-18
0.6, -1.50991e-17, -2.5197e-17, 0.599242, 2.41027e-17
0.7, -1.12055e-17, -3.00475e-18, 3.72927, 2.79173e-18
0.8, -4.92284e-18, -2.81503e-17, 0.174877, 8.70936e-18
0.9, 1.66244e-18, -1.33865e-17, -0.124188, 4.46131e-18
0.0001, 0, 0, -nan, 0
0.0002, 0, 0, -nan, 0
0.0003, 0, 0, -nan, 0
0.0004, 0, 0, -nan, 0
0.0005, 0, 0, -nan, 0
0.0006, 0, 0, -nan, 0
0.0007, 0, 0, -nan, 0
0.0008, 0, 0, -nan, 0
0.0009, 0, 0, -nan, 0
0.001, 0, 0, -nan, 0
0.002, 0, 0, -nan, 0
0.003, 0, 0, -nan, 0
0.004, 0, 0, -nan, 0
0.005, 0, 0, -nan, 0
0.006, 0, 0, -nan, 0
0.007, 0, 0, -nan, 0
0.008, 0, 0, -nan, 0
0.009, 0, 0, -nan, 0
0.01, 0, 0, -nan, 0
0.02, 0, 0, -nan, 0
0.03, 0, 0, -nan, 0
0.04, 0, 0, -nan, 0
0.05, 0, 0, -nan, 0
0.06, 0, 0, -nan, 0
0.07, 0, 0, -nan, 0
0.08, 0, 0, -nan, 0
0.09, 0, 0, -nan, 0
0.1, 0, 0, -nan, 0
0.2, 0, 0, -nan, 0
0.3, 0, 0, -nan, 0
0.4, 0, 0, -nan, 0
0.5, 0, 0, -nan, 0
0.6, 0, 0, -nan, 0
0.7, 0, 0, -nan, 0
0.8, 0, 0, -nan, 0
0.9, 0, 0, -nan, 0
