# mu value:
3.162278
# num_x_vals
36
# x, apfel++, lhapdf, ratio
0.0001, 35.9925, 35.5373, 1.01281
0.0002, 27.9188, 27.6526, 1.00963
0.0003, 23.9662, 23.7783, 1.0079
0.0004, 21.4632, 21.3205, 1.0067
0.0005, 19.6801, 19.5666, 1.0058
0.0006, 18.3196, 18.2264, 1.00511
0.0007, 17.2324, 17.155, 1.00451
0.0008, 16.3359, 16.2706, 1.00402
0.0009, 15.5786, 15.523, 1.00358
0.001, 14.9265, 14.8791, 1.00319
0.002, 11.1871, 11.1788, 1.00074
0.003, 9.39134, 9.39718, 0.999378
0.004, 8.26829, 8.28173, 0.998378
0.005, 7.47575, 7.49381, 0.997591
0.006, 6.8756, 6.8965, 0.996969
0.007, 6.39901, 6.4222, 0.99639
0.008, 6.00822, 6.03308, 0.995879
0.009, 5.6796, 5.70615, 0.995347
0.01, 5.39782, 5.4251, 0.994973
0.02, 3.80561, 3.83691, 0.991843
0.03, 3.05683, 3.08898, 0.989593
0.04, 2.59446, 2.62678, 0.987698
0.05, 2.27113, 2.30324, 0.986057
0.06, 2.02805, 2.05961, 0.984677
0.07, 1.83621, 1.86716, 0.983423
0.08, 1.6797, 1.70998, 0.982293
0.09, 1.54852, 1.57816, 0.981223
0.1, 1.43831, 1.46553, 0.981424
0.2, 0.816909, 0.83483, 0.978534
0.3, 0.529423, 0.543448, 0.974193
0.4, 0.356231, 0.367184, 0.970169
0.5, 0.238494, 0.247016, 0.965497
0.6, 0.154254, 0.159701, 0.965898
0.7, 0.0908402, 0.0944797, 0.961479
0.8, 0.0447336, 0.0464714, 0.962606
0.9, 0.0140911, 0.014381, 0.979836
0.0001, 0.73709, 0.727114, 1.01372
0.0002, 0.592501, 0.587869, 1.00788
0.0003, 0.520474, 0.517856, 1.00505
0.0004, 0.474429, 0.47287, 1.0033
0.0005, 0.441434, 0.440507, 1.0021
0.0006, 0.41616, 0.41564, 1.00125
0.0007, 0.395912, 0.395683, 1.00058
0.0008, 0.379191, 0.379166, 1.00007
0.0009, 0.365051, 0.365178, 0.999651
0.001, 0.352872, 0.353117, 0.999306
0.002, 0.28328, 0.283905, 0.997799
0.003, 0.25046, 0.251106, 0.997426
0.004, 0.23044, 0.231065, 0.997294
0.005, 0.216704, 0.2173, 0.997255
0.006, 0.206611, 0.207177, 0.997267
0.007, 0.198844, 0.19939, 0.99726
0.008, 0.192681, 0.193208, 0.997273
0.009, 0.187671, 0.188196, 0.997214
0.01, 0.183519, 0.184023, 0.997261
0.02, 0.163842, 0.164245, 0.997543
0.03, 0.158175, 0.158441, 0.998322
0.04, 0.156577, 0.156654, 0.99951
0.05, 0.156618, 0.156468, 1.00095
0.06, 0.157406, 0.157004, 1.00256
0.07, 0.158541, 0.157877, 1.0042
0.08, 0.159829, 0.158901, 1.00584
0.09, 0.161161, 0.159972, 1.00743
0.1, 0.162488, 0.161036, 1.00901
0.2, 0.171389, 0.168406, 1.01772
0.3, 0.172562, 0.170065, 1.01468
0.4, 0.168679, 0.168055, 1.00371
0.5, 0.161835, 0.163563, 0.989435
0.6, 0.153542, 0.157028, 0.977803
0.7, 0.144192, 0.148269, 0.972502
0.8, 0.133458, 0.136193, 0.979917
0.9, 0.117807, 0.117027, 1.00666
0.0001, 0.735359, 0.734295, 1.00145
0.0002, 0.5906, 0.586493, 1.007
0.0003, 0.518893, 0.513899, 1.00972
0.0004, 0.473241, 0.46798, 1.01124
0.0005, 0.440636, 0.435341, 1.01216
0.0006, 0.415735, 0.410511, 1.01272
0.0007, 0.395837, 0.390755, 1.01301
0.0008, 0.379444, 0.374525, 1.01313
0.0009, 0.365613, 0.360876, 1.01313
0.001, 0.353725, 0.349178, 1.01302
0.002, 0.286387, 0.283603, 1.00982
0.003, 0.255166, 0.253723, 1.00569
0.004, 0.236428, 0.236022, 1.00172
0.005, 0.223785, 0.224204, 0.998133
0.006, 0.214662, 0.215749, 0.994963
0.007, 0.207779, 0.209427, 0.992131
0.008, 0.202437, 0.204555, 0.989645
0.009, 0.198198, 0.200732, 0.987376
0.01, 0.194777, 0.197648, 0.985475
0.02, 0.181285, 0.185887, 0.975244
0.03, 0.180896, 0.185847, 0.97336
0.04, 0.18418, 0.188971, 0.974648
0.05, 0.188854, 0.193265, 0.977176
0.06, 0.194089, 0.198022, 0.980137
0.07, 0.199517, 0.202948, 0.983093
0.08, 0.204963, 0.207904, 0.985854
0.09, 0.210318, 0.212806, 0.98831
0.1, 0.215586, 0.217627, 0.99062
0.2, 0.258655, 0.259535, 0.996611
0.3, 0.28711, 0.291093, 0.986316
0.4, 0.306805, 0.314413, 0.975804
0.5, 0.322595, 0.331076, 0.974386
0.6, 0.339122, 0.343444, 0.987417
0.7, 0.358784, 0.356257, 1.00709
0.8, 0.383103, 0.376763, 1.01683
0.9, 0.399534, 0.403551, 0.990044
0.0001, 0.731363, 0.721148, 1.01417
0.0002, 0.58632, 0.580308, 1.01036
0.0003, 0.513571, 0.509209, 1.00857
0.0004, 0.466782, 0.463336, 1.00744
0.0005, 0.433063, 0.430197, 1.00666
0.0006, 0.407096, 0.404628, 1.0061
0.0007, 0.386186, 0.384025, 1.00563
0.0008, 0.368831, 0.366902, 1.00526
0.0009, 0.354083, 0.352344, 1.00494
0.001, 0.34132, 0.339739, 1.00465
0.002, 0.266835, 0.266065, 1.00289
0.003, 0.230168, 0.229769, 1.00174
0.004, 0.206903, 0.206758, 1.0007
0.005, 0.190323, 0.190372, 0.999741
0.006, 0.177679, 0.177883, 0.998851
0.007, 0.167586, 0.167929, 0.997959
0.008, 0.159279, 0.159741, 0.997109
0.009, 0.152273, 0.15285, 0.996227
0.01, 0.146253, 0.146919, 0.995467
0.02, 0.112189, 0.113449, 0.988891
0.03, 0.0963888, 0.0979169, 0.984394
0.04, 0.0868843, 0.0885275, 0.981439
0.05, 0.0804475, 0.0821169, 0.97967
0.06, 0.0757768, 0.0774145, 0.978845
0.07, 0.0722255, 0.0737997, 0.978669
0.08, 0.0694399, 0.0709286, 0.979012
0.09, 0.0671985, 0.0685871, 0.979754
0.1, 0.0653705, 0.0666438, 0.980894
0.2, 0.0569309, 0.0572709, 0.994064
0.3, 0.0548905, 0.0548785, 1.00022
0.4, 0.055621, 0.0556289, 0.999857
0.5, 0.0589502, 0.0590851, 0.997716
0.6, 0.0653037, 0.0653785, 0.998856
0.7, 0.0744008, 0.0745121, 0.998506
0.8, 0.0853465, 0.0856813, 0.996092
0.9, 0.0939722, 0.095165, 0.987466
0.0001, 0.46365, 0.462498, 1.00249
0.0002, 0.362788, 0.362092, 1.00192
0.0003, 0.312965, 0.312367, 1.00191
0.0004, 0.281238, 0.280674, 1.00201
0.0005, 0.258546, 0.257984, 1.00218
0.0006, 0.241178, 0.240605, 1.00238
0.0007, 0.227265, 0.226686, 1.00256
0.0008, 0.215769, 0.215178, 1.00275
0.0009, 0.206041, 0.20544, 1.00292
0.001, 0.197652, 0.197044, 1.00309
0.002, 0.149348, 0.148705, 1.00433
0.003, 0.126081, 0.125453, 1.00501
0.004, 0.111555, 0.110967, 1.0053
0.005, 0.10135, 0.100807, 1.00538
0.006, 0.0936695, 0.0931711, 1.00535
0.007, 0.0876171, 0.0871659, 1.00518
0.008, 0.0826972, 0.0822903, 1.00495
0.009, 0.0786007, 0.078243, 1.00457
0.01, 0.0751256, 0.0748013, 1.00433
0.02, 0.0566729, 0.0566053, 1.00119
0.03, 0.0494372, 0.0494664, 0.99941
0.04, 0.0459587, 0.0459999, 0.999105
0.05, 0.0442511, 0.0442586, 0.999831
0.06, 0.0435213, 0.0434682, 1.00122
0.07, 0.043379, 0.0432571, 1.00282
0.08, 0.0436133, 0.0434225, 1.0044
0.09, 0.0440911, 0.043836, 1.00582
0.1, 0.044746, 0.0444251, 1.00722
0.2, 0.053652, 0.0533926, 1.00486
0.3, 0.0622311, 0.0626945, 0.992609
0.4, 0.0713172, 0.0720861, 0.989333
0.5, 0.0835143, 0.0837059, 0.99771
0.6, 0.101687, 0.100534, 1.01147
0.7, 0.127577, 0.125809, 1.01405
0.8, 0.162342, 0.161926, 1.00257
0.9, 0.203103, 0.20632, 0.984409
0.0001, -6.93889e-17, 0, -inf
0.0002, -6.87959e-17, 0, -inf
0.0003, -2.60434e-17, 0, -inf
0.0004, -4.82685e-17, 0, -inf
0.0005, -2.06103e-17, 0, -inf
0.0006, -3.74388e-17, 0, -inf
0.0007, -3.25542e-17, 0, -inf
0.0008, -4.76675e-17, 0, -inf
0.0009, 1.19627e-17, 0, inf
0.001, -6.93889e-18, 0, -inf
0.002, -2.73899e-17, 0, -inf
0.003, -1.52421e-17, 0, -inf
0.004, -1.99559e-18, 0, -inf
0.005, -3.63923e-18, 0, -inf
0.006, -1.16399e-17, 0, -inf
0.007, -1.05602e-17, 0, -inf
0.008, -1.01186e-17, 0, -inf
0.009, -1.18327e-17, 0, -inf
0.01, -1.38778e-17, 0, -inf
0.02, -6.84825e-18, 0, -inf
0.03, -8.79943e-18, 0, -inf
0.04, -6.41504e-18, 0, -inf
0.05, -1.0469e-17, 0, -inf
0.06, -6.70741e-18, 0, -inf
0.07, -1.76865e-17, 0, -inf
0.08, -5.74333e-18, 0, -inf
0.09, -6.7254e-18, 0, -inf
0.1, -1.73472e-17, 0, -inf
0.2, -1.06678e-17, 0, -inf
0.3, -3.87354e-18, 0, -inf
0.4, -9.68683e-18, 0, -inf
0.5, -1.05541e-17, 0, -inf
0.6, -2.08151e-17, 0, -inf
0.7, -6.55188e-18, 0, -inf
0.8, -2.96019e-17, 0, -inf
0.9, -2.79169e-17, 0, -inf
0.0001, 0, 0, -nan
0.0002, 0, 0, -nan
0.0003, 0, 0, -nan
0.0004, 0, 0, -nan
0.0005, 0, 0, -nan
0.0006, 0, 0, -nan
0.0007, 0, 0, -nan
0.0008, 0, 0, -nan
0.0009, 0, 0, -nan
0.001, 0, 0, -nan
0.002, 0, 0, -nan
0.003, 0, 0, -nan
0.004, 0, 0, -nan
0.005, 0, 0, -nan
0.006, 0, 0, -nan
0.007, 0, 0, -nan
0.008, 0, 0, -nan
0.009, 0, 0, -nan
0.01, 0, 0, -nan
0.02, 0, 0, -nan
0.03, 0, 0, -nan
0.04, 0, 0, -nan
0.05, 0, 0, -nan
0.06, 0, 0, -nan
0.07, 0, 0, -nan
0.08, 0, 0, -nan
0.09, 0, 0, -nan
0.1, 0, 0, -nan
0.2, 0, 0, -nan
0.3, 0, 0, -nan
0.4, 0, 0, -nan
0.5, 0, 0, -nan
0.6, 0, 0, -nan
0.7, 0, 0, -nan
0.8, 0, 0, -nan
0.9, 0, 0, -nan
