# mu value:
3.162278
# num_x_vals
36
# x, apfel++, lhapdf, ratio
0.0001, 17.0365, 17.9745, 0.947817
0.0002, 13.9843, 14.6941, 0.951697
0.0003, 12.4197, 13.022, 0.953749
0.0004, 11.3992, 11.9354, 0.955074
0.0005, 10.6559, 11.1457, 0.956047
0.0006, 10.0785, 10.5334, 0.956814
0.0007, 9.6102, 10.0377, 0.957411
0.0008, 9.21906, 9.62403, 0.957921
0.0009, 8.88484, 9.27099, 0.958348
0.001, 8.59413, 8.96424, 0.958713
0.002, 6.86602, 7.14579, 0.960849
0.003, 5.99074, 6.22802, 0.961902
0.004, 5.42414, 5.63514, 0.962558
0.005, 5.01373, 5.20613, 0.963044
0.006, 4.69631, 4.87443, 0.963458
0.007, 4.43974, 4.60657, 0.963783
0.008, 4.22605, 4.38352, 0.964078
0.009, 4.04389, 4.19358, 0.964306
0.01, 3.88577, 4.02844, 0.964584
0.02, 2.95163, 3.05332, 0.966695
0.03, 2.48133, 2.56183, 0.968575
0.04, 2.17714, 2.24369, 0.970339
0.05, 1.95651, 2.01278, 0.972044
0.06, 1.78547, 1.83362, 0.973736
0.07, 1.64681, 1.68843, 0.975348
0.08, 1.53095, 1.56713, 0.976917
0.09, 1.43175, 1.46336, 0.978397
0.1, 1.34599, 1.37307, 0.980275
0.2, 0.829988, 0.833962, 0.995235
0.3, 0.565398, 0.56096, 1.00791
0.4, 0.39586, 0.38744, 1.02173
0.5, 0.276058, 0.266231, 1.03691
0.6, 0.186671, 0.177543, 1.05141
0.7, 0.117969, 0.111257, 1.06033
0.8, 0.0650361, 0.061562, 1.05643
0.9, 0.0258878, 0.0249469, 1.03772
0.0001, 0.747342, 0.880565, 0.848707
0.0002, 0.619764, 0.717081, 0.864288
0.0003, 0.554127, 0.634328, 0.873564
0.0004, 0.511257, 0.580869, 0.880158
0.0005, 0.480021, 0.542224, 0.885282
0.0006, 0.455763, 0.512399, 0.889468
0.0007, 0.436098, 0.488364, 0.892976
0.0008, 0.419684, 0.468391, 0.896011
0.0009, 0.405671, 0.451414, 0.898669
0.001, 0.393496, 0.436718, 0.901029
0.002, 0.321561, 0.351017, 0.916083
0.003, 0.285678, 0.309072, 0.924312
0.004, 0.262827, 0.28268, 0.929771
0.005, 0.246551, 0.264039, 0.93377
0.006, 0.234177, 0.249951, 0.936891
0.007, 0.224346, 0.23882, 0.939391
0.008, 0.216301, 0.229745, 0.941483
0.009, 0.209563, 0.222181, 0.94321
0.01, 0.203814, 0.215726, 0.944782
0.02, 0.172674, 0.180958, 0.954219
0.03, 0.159852, 0.166538, 0.959852
0.04, 0.153198, 0.158858, 0.964371
0.05, 0.14944, 0.154324, 0.968353
0.06, 0.14727, 0.151513, 0.971996
0.07, 0.146047, 0.149746, 0.9753
0.08, 0.145429, 0.148652, 0.978316
0.09, 0.1452, 0.148005, 0.98105
0.1, 0.145248, 0.147671, 0.98359
0.2, 0.149721, 0.150237, 0.996563
0.3, 0.153888, 0.154663, 0.994989
0.4, 0.157414, 0.159375, 0.987694
0.5, 0.161022, 0.164172, 0.980813
0.6, 0.163608, 0.167141, 0.978866
0.7, 0.16141, 0.163662, 0.986238
0.8, 0.14738, 0.145536, 1.01267
0.9, 0.109081, 0.0995773, 1.09544
0.0001, 0.74344, 0.87815, 0.846598
0.0002, 0.618239, 0.720802, 0.857709
0.0003, 0.55366, 0.640366, 0.864599
0.0004, 0.511422, 0.588082, 0.869644
0.0005, 0.48062, 0.55012, 0.873664
0.0006, 0.456687, 0.520723, 0.877025
0.0007, 0.43728, 0.496968, 0.879895
0.0008, 0.421081, 0.477185, 0.882426
0.0009, 0.407252, 0.460338, 0.884682
0.001, 0.395239, 0.445733, 0.886716
0.002, 0.324427, 0.360218, 0.900641
0.003, 0.289401, 0.318288, 0.909242
0.004, 0.26735, 0.292009, 0.915557
0.005, 0.251858, 0.273576, 0.920615
0.006, 0.24026, 0.259774, 0.92488
0.007, 0.231203, 0.248991, 0.928558
0.008, 0.223931, 0.24031, 0.931841
0.009, 0.217964, 0.233184, 0.934728
0.01, 0.212982, 0.22719, 0.937463
0.02, 0.189358, 0.197923, 0.956726
0.03, 0.18369, 0.189539, 0.96914
0.04, 0.183815, 0.187934, 0.97808
0.05, 0.186482, 0.189377, 0.984711
0.06, 0.190409, 0.192389, 0.989711
0.07, 0.194978, 0.196271, 0.993412
0.08, 0.199873, 0.200652, 0.996117
0.09, 0.204894, 0.205296, 0.998041
0.1, 0.209963, 0.210082, 0.999435
0.2, 0.255205, 0.255937, 0.997142
0.3, 0.292594, 0.295994, 0.988515
0.4, 0.332013, 0.338189, 0.981737
0.5, 0.378834, 0.388344, 0.975511
0.6, 0.429042, 0.44251, 0.969564
0.7, 0.466637, 0.481215, 0.969706
0.8, 0.461837, 0.464422, 0.994435
0.9, 0.365492, 0.32852, 1.11254
0.0001, 0.745565, 0.883028, 0.844328
0.0002, 0.615929, 0.722112, 0.852954
0.0003, 0.548879, 0.639485, 0.858315
0.0004, 0.504896, 0.585565, 0.862238
0.0005, 0.472725, 0.546271, 0.865367
0.0006, 0.447651, 0.515735, 0.867986
0.0007, 0.427256, 0.490976, 0.870217
0.0008, 0.41018, 0.470288, 0.872188
0.0009, 0.395557, 0.452613, 0.873941
0.001, 0.382814, 0.437242, 0.875519
0.002, 0.306567, 0.345908, 0.886269
0.003, 0.267602, 0.299733, 0.892801
0.004, 0.242254, 0.26992, 0.897501
0.005, 0.223838, 0.24838, 0.90119
0.006, 0.209569, 0.23176, 0.904247
0.007, 0.198024, 0.218372, 0.906821
0.008, 0.188407, 0.207252, 0.909074
0.009, 0.180211, 0.197811, 0.911024
0.01, 0.173099, 0.189626, 0.912843
0.02, 0.13142, 0.14208, 0.924974
0.03, 0.111027, 0.119053, 0.932584
0.04, 0.0983348, 0.104793, 0.938369
0.05, 0.089533, 0.094932, 0.943127
0.06, 0.0830399, 0.0876664, 0.947226
0.07, 0.07805, 0.0820963, 0.950713
0.08, 0.0741149, 0.0777115, 0.953719
0.09, 0.0709448, 0.0741875, 0.95629
0.1, 0.0683687, 0.0713221, 0.95859
0.2, 0.0578904, 0.0598431, 0.96737
0.3, 0.0587033, 0.0605028, 0.970258
0.4, 0.0652845, 0.0667916, 0.977435
0.5, 0.076561, 0.0780142, 0.981374
0.6, 0.0906619, 0.0928794, 0.976125
0.7, 0.103158, 0.106481, 0.968798
0.8, 0.106102, 0.107877, 0.983539
0.9, 0.0865851, 0.0786949, 1.10026
0.0001, 0.338827, 0.418146, 0.810308
0.0002, 0.2734, 0.331227, 0.825415
0.0003, 0.240167, 0.287769, 0.834582
0.0004, 0.218626, 0.259898, 0.841199
0.0005, 0.203015, 0.239854, 0.846412
0.0006, 0.19094, 0.224443, 0.850727
0.0007, 0.181182, 0.212063, 0.85438
0.0008, 0.173059, 0.2018, 0.857577
0.0009, 0.166139, 0.193095, 0.8604
0.001, 0.160137, 0.185573, 0.862931
0.002, 0.12487, 0.141952, 0.879663
0.003, 0.107383, 0.120743, 0.889352
0.004, 0.0962734, 0.107442, 0.896048
0.005, 0.0883704, 0.0980681, 0.901113
0.006, 0.0823672, 0.0909966, 0.905169
0.007, 0.0776019, 0.0854192, 0.908483
0.008, 0.0737057, 0.08088, 0.911297
0.009, 0.0704463, 0.0771047, 0.913644
0.01, 0.0676709, 0.0738895, 0.915839
0.02, 0.0528127, 0.0568335, 0.929253
0.03, 0.047015, 0.0501656, 0.937197
0.04, 0.0443202, 0.0469903, 0.943176
0.05, 0.0430996, 0.0454685, 0.9479
0.06, 0.0426937, 0.0448627, 0.951653
0.07, 0.0427754, 0.0448171, 0.954442
0.08, 0.0431678, 0.0451368, 0.956375
0.09, 0.0437572, 0.0456979, 0.957532
0.1, 0.0444948, 0.0464308, 0.958303
0.2, 0.0541202, 0.0570457, 0.948717
0.3, 0.0654346, 0.0697143, 0.938612
0.4, 0.0807359, 0.086211, 0.936492
0.5, 0.102624, 0.109872, 0.934034
0.6, 0.132148, 0.142413, 0.927919
0.7, 0.167543, 0.181033, 0.925483
0.8, 0.201177, 0.213646, 0.94164
0.9, 0.207303, 0.207315, 0.999941
0.0001, -6.93889e-17, 0, -inf
0.0002, -6.63662e-17, 0, -inf
0.0003, -1.98723e-17, 0, -inf
0.0004, -2.66135e-17, 0, -inf
0.0005, -2.70472e-17, 0, -inf
0.0006, -4.69501e-17, 0, -inf
0.0007, 1.45609e-17, 0, inf
0.0008, -1.63414e-17, 0, -inf
0.0009, -7.62809e-18, 0, -inf
0.001, -4.16334e-17, 0, -inf
0.002, -1.47957e-17, 0, -inf
0.003, -8.35624e-18, 0, -inf
0.004, -3.04403e-17, 0, -inf
0.005, -3.13115e-17, 0, -inf
0.006, -2.37345e-17, 0, -inf
0.007, 6.93443e-18, 0, inf
0.008, -1.16623e-17, 0, -inf
0.009, -1.58004e-17, 0, -inf
0.01, -6.93889e-18, 0, -inf
0.02, -1.33419e-17, 0, -inf
0.03, -1.44287e-17, 0, -inf
0.04, -7.37278e-18, 0, -inf
0.05, -1.23566e-17, 0, -inf
0.06, -7.7277e-18, 0, -inf
0.07, -2.82409e-18, 0, -inf
0.08, -1.45899e-17, 0, -inf
0.09, -9.17435e-18, 0, -inf
0.1, -1.56125e-17, 0, -inf
0.2, -1.66688e-17, 0, -inf
0.3, -8.55576e-18, 0, -inf
0.4, -1.46685e-17, 0, -inf
0.5, -1.08285e-17, 0, -inf
0.6, -5.77385e-17, 0, -inf
0.7, -2.94519e-17, 0, -inf
0.8, 1.81876e-17, 0, inf
0.9, -2.69443e-17, 0, -inf
0.0001, 0, 0, -nan
0.0002, 0, 0, -nan
0.0003, 0, 0, -nan
0.0004, 0, 0, -nan
0.0005, 0, 0, -nan
0.0006, 0, 0, -nan
0.0007, 0, 0, -nan
0.0008, 0, 0, -nan
0.0009, 0, 0, -nan
0.001, 0, 0, -nan
0.002, 0, 0, -nan
0.003, 0, 0, -nan
0.004, 0, 0, -nan
0.005, 0, 0, -nan
0.006, 0, 0, -nan
0.007, 0, 0, -nan
0.008, 0, 0, -nan
0.009, 0, 0, -nan
0.01, 0, 0, -nan
0.02, 0, 0, -nan
0.03, 0, 0, -nan
0.04, 0, 0, -nan
0.05, 0, 0, -nan
0.06, 0, 0, -nan
0.07, 0, 0, -nan
0.08, 0, 0, -nan
0.09, 0, 0, -nan
0.1, 0, 0, -nan
0.2, 0, 0, -nan
0.3, 0, 0, -nan
0.4, 0, 0, -nan
0.5, 0, 0, -nan
0.6, 0, 0, -nan
0.7, 0, 0, -nan
0.8, 0, 0, -nan
0.9, 0, 0, -nan
