# mu values:
4.000000
# num_x_vals
36
# x, apfel++, lhapdf, ratio
0.0001, 21.3818, 21.5563, 0.991903
0.0002, 17.3315, 17.4193, 0.994962
0.0003, 15.2762, 15.3316, 0.996387
0.0004, 13.9443, 13.9835, 0.997195
0.0005, 12.979, 13.0085, 0.997729
0.0006, 12.2322, 12.2553, 0.998111
0.0007, 11.6284, 11.6475, 0.99836
0.0008, 11.1255, 11.1416, 0.998556
0.0009, 10.6969, 10.7109, 0.998694
0.001, 10.325, 10.3375, 0.998791
0.002, 8.1316, 8.1402, 0.998943
0.003, 7.03379, 7.04329, 0.998651
0.004, 6.32862, 6.33963, 0.998263
0.005, 5.82083, 5.83314, 0.997889
0.006, 5.42995, 5.44319, 0.997569
0.007, 5.11527, 5.1294, 0.997246
0.008, 4.85411, 4.86891, 0.996961
0.009, 4.63217, 4.6477, 0.996657
0.01, 4.44004, 4.45583, 0.996458
0.02, 3.31643, 3.3327, 0.995117
0.03, 2.75929, 2.77396, 0.994714
0.04, 2.40259, 2.41537, 0.994708
0.05, 2.1459, 2.15682, 0.994935
0.06, 1.94818, 1.9573, 0.995343
0.07, 1.7888, 1.79635, 0.995799
0.08, 1.65628, 1.66242, 0.996308
0.09, 1.54331, 1.54826, 0.996804
0.1, 1.44611, 1.44925, 0.997833
0.2, 0.86986, 0.865208, 1.00538
0.3, 0.58185, 0.575047, 1.01183
0.4, 0.401249, 0.393249, 1.02034
0.5, 0.276272, 0.267955, 1.03104
0.6, 0.184985, 0.177593, 1.04162
0.7, 0.116244, 0.111103, 1.04628
0.8, 0.0641568, 0.0619071, 1.03634
0.9, 0.0258317, 0.0255904, 1.00943
0.0001, 0.925195, 1.02336, 0.904079
0.0002, 0.758779, 0.826466, 0.918101
0.0003, 0.673887, 0.727454, 0.926364
0.0004, 0.618736, 0.663754, 0.932176
0.0005, 0.578708, 0.617846, 0.936655
0.0006, 0.547717, 0.582501, 0.940286
0.0007, 0.522656, 0.554073, 0.943298
0.0008, 0.501784, 0.53049, 0.945888
0.0009, 0.483997, 0.510473, 0.948136
0.001, 0.468567, 0.493169, 0.950115
0.002, 0.377886, 0.392694, 0.962292
0.003, 0.332964, 0.343809, 0.968457
0.004, 0.304455, 0.313152, 0.972228
0.005, 0.284189, 0.291544, 0.974772
0.006, 0.268796, 0.275236, 0.976601
0.007, 0.256572, 0.262363, 0.977925
0.008, 0.246568, 0.251874, 0.978936
0.009, 0.238187, 0.243133, 0.979656
0.01, 0.231031, 0.235676, 0.980291
0.02, 0.192016, 0.195423, 0.982563
0.03, 0.175561, 0.178546, 0.983278
0.04, 0.166698, 0.169392, 0.984095
0.05, 0.161414, 0.163844, 0.985169
0.06, 0.158109, 0.160278, 0.986464
0.07, 0.155996, 0.157917, 0.987832
0.08, 0.154657, 0.156341, 0.989228
0.09, 0.153827, 0.155289, 0.990587
0.1, 0.153367, 0.154611, 0.991956
0.2, 0.155113, 0.155339, 0.998541
0.3, 0.158338, 0.159263, 0.994194
0.4, 0.161686, 0.164109, 0.985237
0.5, 0.165472, 0.169347, 0.977117
0.6, 0.168306, 0.172815, 0.973906
0.7, 0.166241, 0.169706, 0.979581
0.8, 0.152175, 0.151643, 1.00351
0.9, 0.11357, 0.10499, 1.08172
0.0001, 0.921208, 1.02298, 0.900515
0.0002, 0.757748, 0.832958, 0.909706
0.0003, 0.674141, 0.736424, 0.915425
0.0004, 0.619743, 0.673925, 0.919602
0.0005, 0.580225, 0.62868, 0.922926
0.0006, 0.549609, 0.593723, 0.9257
0.0007, 0.524844, 0.565531, 0.928055
0.0008, 0.504214, 0.54209, 0.930129
0.0009, 0.486634, 0.522157, 0.931969
0.001, 0.471385, 0.504899, 0.933621
0.002, 0.381939, 0.404286, 0.944725
0.003, 0.337959, 0.355247, 0.951333
0.004, 0.310338, 0.324615, 0.956018
0.005, 0.290946, 0.303175, 0.959664
0.006, 0.276426, 0.287146, 0.962667
0.007, 0.265073, 0.274633, 0.965189
0.008, 0.255941, 0.264564, 0.967405
0.009, 0.24843, 0.2563, 0.969291
0.01, 0.242141, 0.249349, 0.971095
0.02, 0.211642, 0.215254, 0.98322
0.03, 0.203288, 0.20516, 0.990875
0.04, 0.202091, 0.202818, 0.996416
0.05, 0.204063, 0.203954, 1.00053
0.06, 0.207633, 0.206882, 1.00363
0.07, 0.212045, 0.21081, 1.00586
0.08, 0.216912, 0.215317, 1.00741
0.09, 0.221986, 0.220136, 1.00841
0.1, 0.227171, 0.22513, 1.00906
0.2, 0.274635, 0.273638, 1.00364
0.3, 0.314866, 0.31669, 0.994239
0.4, 0.35761, 0.362309, 0.98703
0.5, 0.407972, 0.416319, 0.979951
0.6, 0.461215, 0.47446, 0.972083
0.7, 0.500272, 0.516519, 0.968545
0.8, 0.49412, 0.500798, 0.986665
0.9, 0.39177, 0.359333, 1.09027
0.0001, 0.92375, 1.02707, 0.899402
0.0002, 0.755657, 0.834462, 0.905563
0.0003, 0.669463, 0.736086, 0.909489
0.0004, 0.613231, 0.672111, 0.912395
0.0005, 0.572269, 0.62561, 0.914737
0.0006, 0.540448, 0.589549, 0.916715
0.0007, 0.514637, 0.560362, 0.918402
0.0008, 0.493077, 0.53601, 0.919901
0.0009, 0.474653, 0.515234, 0.921238
0.001, 0.458628, 0.497187, 0.922445
0.002, 0.363374, 0.390422, 0.930721
0.003, 0.315163, 0.336796, 0.935769
0.004, 0.283995, 0.302321, 0.93938
0.005, 0.261456, 0.277496, 0.942195
0.006, 0.244058, 0.258394, 0.944517
0.007, 0.230026, 0.243042, 0.946444
0.008, 0.218369, 0.230318, 0.948118
0.009, 0.208457, 0.219537, 0.949534
0.01, 0.199876, 0.210203, 0.950869
0.02, 0.149968, 0.156333, 0.959284
0.03, 0.125827, 0.130509, 0.964123
0.04, 0.110918, 0.114637, 0.967555
0.05, 0.10064, 0.103728, 0.970227
0.06, 0.0930974, 0.0957354, 0.972445
0.07, 0.0873272, 0.0896387, 0.974214
0.08, 0.0827961, 0.0848625, 0.975649
0.09, 0.0791602, 0.0810418, 0.976783
0.1, 0.0762177, 0.0779496, 0.977782
0.2, 0.0644362, 0.0658412, 0.97866
0.3, 0.0654197, 0.0667934, 0.979434
0.4, 0.0726543, 0.073635, 0.986682
0.5, 0.0848154, 0.0855975, 0.990863
0.6, 0.0997937, 0.101364, 0.984505
0.7, 0.112799, 0.115886, 0.973365
0.8, 0.115384, 0.117734, 0.980046
0.9, 0.0939379, 0.0871251, 1.0782
0.0001, 0.504622, 0.561602, 0.898541
0.0002, 0.404033, 0.44281, 0.912431
0.0003, 0.353286, 0.383641, 0.920878
0.0004, 0.320536, 0.345788, 0.926972
0.0005, 0.296878, 0.318615, 0.931777
0.0006, 0.278626, 0.297756, 0.935752
0.0007, 0.263907, 0.281018, 0.939111
0.0008, 0.251678, 0.26716, 0.94205
0.0009, 0.241276, 0.255416, 0.94464
0.001, 0.232268, 0.245278, 0.946958
0.002, 0.1796, 0.186666, 0.962144
0.003, 0.153671, 0.158306, 0.970721
0.004, 0.13727, 0.140579, 0.976461
0.005, 0.125638, 0.128118, 0.980646
0.006, 0.116823, 0.118738, 0.983869
0.007, 0.109837, 0.111355, 0.986373
0.008, 0.104133, 0.105356, 0.988396
0.009, 0.0993671, 0.100376, 0.989953
0.01, 0.0953117, 0.0961401, 0.991384
0.02, 0.0736228, 0.0738147, 0.997401
0.03, 0.0651098, 0.0652075, 0.998501
0.04, 0.0610772, 0.0611801, 0.998318
0.05, 0.0591664, 0.0593082, 0.99761
0.06, 0.058427, 0.0586236, 0.996648
0.07, 0.0583896, 0.0586611, 0.995372
0.08, 0.058801, 0.0591666, 0.99382
0.09, 0.0594993, 0.059979, 0.992002
0.1, 0.0604157, 0.0610083, 0.990286
0.2, 0.0730323, 0.075295, 0.969948
0.3, 0.0882299, 0.0918601, 0.960482
0.4, 0.108696, 0.11296, 0.962251
0.5, 0.137507, 0.142743, 0.963316
0.6, 0.175568, 0.183232, 0.958173
0.7, 0.219966, 0.230724, 0.953373
0.8, 0.259981, 0.269884, 0.963305
0.9, 0.261722, 0.25948, 1.00864
0.0001, -8.32667e-17, 0, -inf
0.0002, 2.93176e-17, 0, inf
0.0003, -4.66662e-17, 0, -inf
0.0004, -4.59763e-17, 0, -inf
0.0005, -5.42201e-19, 0, -inf
0.0006, -7.79255e-17, 0, -inf
0.0007, -1.59291e-17, 0, -inf
0.0008, -2.61341e-17, 0, -inf
0.0009, -2.44049e-17, 0, -inf
0.001, -3.46945e-17, 0, -inf
0.002, -1.36304e-17, 0, -inf
0.003, -1.80573e-17, 0, -inf
0.004, -3.29239e-17, 0, -inf
0.005, -2.73777e-17, 0, -inf
0.006, -2.44185e-17, 0, -inf
0.007, -1.70867e-17, 0, -inf
0.008, -2.73323e-17, 0, -inf
0.009, -3.82586e-17, 0, -inf
0.01, -1.38778e-17, 0, -inf
0.02, -2.04322e-17, 0, -inf
0.03, -1.32551e-17, 0, -inf
0.04, -3.32459e-18, 0, -inf
0.05, -6.96086e-18, 0, -inf
0.06, -1.70113e-18, 0, -inf
0.07, -1.28122e-17, 0, -inf
0.08, -1.90006e-17, 0, -inf
0.09, -8.90377e-18, 0, -inf
0.1, -1.38778e-17, 0, -inf
0.2, -6.25057e-18, 0, -inf
0.3, -2.29247e-17, 0, -inf
0.4, -1.14784e-17, 0, -inf
0.5, -2.4035e-17, 0, -inf
0.6, -5.9851e-17, 0, -inf
0.7, -3.04856e-17, 0, -inf
0.8, -3.58611e-17, 0, -inf
0.9, -2.2682e-17, 0, -inf
0.0001, 0, 0, -nan
0.0002, 0, 0, -nan
0.0003, 0, 0, -nan
0.0004, 0, 0, -nan
0.0005, 0, 0, -nan
0.0006, 0, 0, -nan
0.0007, 0, 0, -nan
0.0008, 0, 0, -nan
0.0009, 0, 0, -nan
0.001, 0, 0, -nan
0.002, 0, 0, -nan
0.003, 0, 0, -nan
0.004, 0, 0, -nan
0.005, 0, 0, -nan
0.006, 0, 0, -nan
0.007, 0, 0, -nan
0.008, 0, 0, -nan
0.009, 0, 0, -nan
0.01, 0, 0, -nan
0.02, 0, 0, -nan
0.03, 0, 0, -nan
0.04, 0, 0, -nan
0.05, 0, 0, -nan
0.06, 0, 0, -nan
0.07, 0, 0, -nan
0.08, 0, 0, -nan
0.09, 0, 0, -nan
0.1, 0, 0, -nan
0.2, 0, 0, -nan
0.3, 0, 0, -nan
0.4, 0, 0, -nan
0.5, 0, 0, -nan
0.6, 0, 0, -nan
0.7, 0, 0, -nan
0.8, 0, 0, -nan
0.9, 0, 0, -nan
