# mu values:
1.295000, 4.000000, 10.000000, 20.000000
# num_x_vals
36
# x, apfel++, lhapdf, ratio
0.0001, 6.04013, 6.04013, 1
0.0002, 5.2593, 5.25929, 1
0.0003, 4.84044, 4.8404, 1.00001
0.0004, 4.55913, 4.55912, 1
0.0005, 4.34967, 4.34966, 1
0.0006, 4.18404, 4.18401, 1.00001
0.0007, 4.0477, 4.04769, 1
0.0008, 3.93233, 3.93231, 1
0.0009, 3.83262, 3.8326, 1
0.001, 3.74499, 3.74499, 1
0.002, 3.20448, 3.20448, 1
0.003, 2.91533, 2.91531, 1.00001
0.004, 2.72129, 2.72128, 1
0.005, 2.57679, 2.57679, 1
0.006, 2.46247, 2.46244, 1.00001
0.007, 2.36827, 2.36826, 1
0.008, 2.28849, 2.28847, 1.00001
0.009, 2.21947, 2.21946, 1
0.01, 2.15869, 2.15869, 1
0.02, 1.78121, 1.7812, 1
0.03, 1.576, 1.57599, 1.00001
0.04, 1.43614, 1.43613, 1
0.05, 1.33045, 1.33045, 1
0.06, 1.24567, 1.24565, 1.00002
0.07, 1.17489, 1.17489, 1
0.08, 1.11421, 1.11421, 1.00001
0.09, 1.06108, 1.06108, 1.00001
0.1, 1.01383, 1.01383, 1
0.2, 0.706946, 0.706946, 1
0.3, 0.528348, 0.528348, 1
0.4, 0.401175, 0.401175, 1
0.5, 0.301844, 0.301844, 1
0.6, 0.219656, 0.219656, 1
0.7, 0.14894, 0.14894, 1
0.8, 0.0871658, 0.0871655, 1
0.9, 0.0352829, 0.0352828, 1
0.0001, 0.370335, 0.370335, 1
0.0002, 0.315475, 0.315475, 1
0.0003, 0.286793, 0.286789, 1.00001
0.0004, 0.267882, 0.267881, 1
0.0005, 0.254013, 0.254013, 1
0.0006, 0.24319, 0.243187, 1.00001
0.0007, 0.234383, 0.234383, 1
0.0008, 0.227011, 0.22701, 1
0.0009, 0.220701, 0.2207, 1.00001
0.001, 0.215208, 0.215208, 1
0.002, 0.182585, 0.182585, 1
0.003, 0.166268, 0.166266, 1.00001
0.004, 0.15591, 0.15591, 1
0.005, 0.148577, 0.148577, 1
0.006, 0.143045, 0.143044, 1.00001
0.007, 0.13869, 0.13869, 1
0.008, 0.135162, 0.135161, 1.00001
0.009, 0.132245, 0.132246, 0.999995
0.01, 0.129779, 0.129779, 1
0.02, 0.117332, 0.117332, 1
0.03, 0.113278, 0.113278, 0.999999
0.04, 0.111973, 0.111972, 1
0.05, 0.111906, 0.111906, 1
0.06, 0.112483, 0.112481, 1.00002
0.07, 0.113411, 0.113411, 1
0.08, 0.114546, 0.114546, 1
0.09, 0.115789, 0.115788, 1
0.1, 0.117088, 0.117088, 1
0.2, 0.129003, 0.129003, 1
0.3, 0.136822, 0.136822, 1
0.4, 0.141865, 0.141865, 1
0.5, 0.145433, 0.145433, 1
0.6, 0.146983, 0.146983, 1
0.7, 0.143034, 0.143034, 1
0.8, 0.126159, 0.126161, 0.999984
0.9, 0.0841072, 0.0841073, 1
0.0001, 0.365644, 0.365644, 1
0.0002, 0.313311, 0.313311, 1
0.0003, 0.285729, 0.285725, 1.00001
0.0004, 0.267451, 0.26745, 1
0.0005, 0.253997, 0.253997, 1
0.0006, 0.243469, 0.243467, 1.00001
0.0007, 0.234884, 0.234883, 1
0.0008, 0.227684, 0.227683, 1
0.0009, 0.221513, 0.221512, 1.00001
0.001, 0.216134, 0.216134, 1
0.002, 0.184102, 0.184102, 1
0.003, 0.168089, 0.168087, 1.00001
0.004, 0.157986, 0.157986, 1
0.005, 0.150903, 0.150903, 1
0.006, 0.145625, 0.145624, 1.00001
0.007, 0.141534, 0.141534, 1
0.008, 0.138277, 0.138276, 1.00001
0.009, 0.135641, 0.135642, 0.999992
0.01, 0.13346, 0.13346, 1
0.02, 0.124114, 0.124113, 1
0.03, 0.123336, 0.123337, 0.999994
0.04, 0.125327, 0.125326, 1
0.05, 0.128519, 0.128519, 1
0.06, 0.132289, 0.132285, 1.00003
0.07, 0.13633, 0.13633, 0.999999
0.08, 0.140498, 0.140498, 1
0.09, 0.144683, 0.144683, 1
0.1, 0.148841, 0.148841, 1
0.2, 0.185122, 0.185122, 1
0.3, 0.213232, 0.213231, 1
0.4, 0.240699, 0.240699, 0.999999
0.5, 0.273453, 0.273453, 1
0.6, 0.309932, 0.309932, 0.999999
0.7, 0.335896, 0.335896, 1
0.8, 0.320564, 0.320571, 0.999979
0.9, 0.21762, 0.21762, 1
0.0001, 0.369339, 0.369339, 1
0.0002, 0.312592, 0.312591, 1
0.0003, 0.282626, 0.282622, 1.00001
0.0004, 0.262707, 0.262707, 1
0.0005, 0.247994, 0.247994, 1
0.0006, 0.236436, 0.236434, 1.00001
0.0007, 0.226974, 0.226973, 1
0.0008, 0.219005, 0.219004, 1
0.0009, 0.212148, 0.212147, 1.00001
0.001, 0.206146, 0.206146, 1
0.002, 0.169658, 0.169658, 1
0.003, 0.150572, 0.15057, 1.00001
0.004, 0.137964, 0.137963, 1
0.005, 0.128694, 0.128694, 1
0.006, 0.12144, 0.121438, 1.00002
0.007, 0.115521, 0.115521, 1
0.008, 0.110553, 0.110552, 1.00001
0.009, 0.106291, 0.106291, 1
0.01, 0.102566, 0.102566, 1
0.02, 0.0801882, 0.080188, 1
0.03, 0.0687567, 0.0687559, 1.00001
0.04, 0.0613961, 0.0613958, 1
0.05, 0.0561389, 0.0561388, 1
0.06, 0.0521561, 0.052154, 1.00004
0.07, 0.0490188, 0.0490186, 1
0.08, 0.0464892, 0.0464889, 1.00001
0.09, 0.0444083, 0.044408, 1.00001
0.1, 0.0426763, 0.0426763, 1
0.2, 0.0349538, 0.0349538, 1
0.3, 0.0346863, 0.0346861, 1.00001
0.4, 0.0384151, 0.0384152, 0.999998
0.5, 0.0458601, 0.0458602, 0.999999
0.6, 0.056123, 0.0561231, 0.999999
0.7, 0.0655718, 0.0655717, 1
0.8, 0.0663007, 0.0663023, 0.999976
0.9, 0.046247, 0.046247, 1
0.0001, -2.48373e-31, 0, -inf
0.0002, 6.54068e-18, 0, inf
0.0003, -5.194e-18, 0, -inf
0.0004, -1.78816e-18, 0, -inf
0.0005, -1.02175e-19, 0, -inf
0.0006, -4.88838e-18, 0, -inf
0.0007, -1.1016e-17, 0, -inf
0.0008, -1.04206e-18, 0, -inf
0.0009, -6.14778e-18, 0, -inf
0.001, 3.33814e-31, 0, inf
0.002, -1.18114e-19, 0, -inf
0.003, -5.5578e-18, 0, -inf
0.004, -8.10162e-18, 0, -inf
0.005, 3.38019e-20, 0, inf
0.006, 1.6468e-18, 0, inf
0.007, -2.91722e-18, 0, -inf
0.008, -5.75089e-18, 0, -inf
0.009, 5.7527e-19, 0, inf
0.01, -3.46945e-18, 0, -inf
0.02, -3.50657e-18, 0, -inf
0.03, -6.94171e-19, 0, -inf
0.04, -1.87958e-18, 0, -inf
0.05, 1.74835e-18, 0, inf
0.06, -4.16541e-18, 0, -inf
0.07, -5.279e-18, 0, -inf
0.08, -3.20784e-18, 0, -inf
0.09, -8.7976e-20, 0, -inf
0.1, 1.73472e-18, 0, inf
0.2, -7.10836e-19, 0, -inf
0.3, -8.39379e-18, 0, -inf
0.4, 7.86759e-19, 0, inf
0.5, -8.28111e-18, 0, -inf
0.6, 1.80725e-17, 0, inf
0.7, -1.06077e-17, 0, -inf
0.8, -9.54942e-18, 0, -inf
0.9, 4.77219e-19, 0, inf
0.0001, -8.89175e-31, 0, -inf
0.0002, -2.13692e-17, 0, -inf
0.0003, -3.24911e-17, 0, -inf
0.0004, -9.77476e-18, 0, -inf
0.0005, -3.09955e-20, 0, -inf
0.0006, -2.97211e-17, 0, -inf
0.0007, -4.46079e-18, 0, -inf
0.0008, -9.02302e-18, 0, -inf
0.0009, -1.89759e-17, 0, -inf
0.001, -6.93889e-18, 0, -inf
0.002, -3.77992e-18, 0, -inf
0.003, -1.69893e-17, 0, -inf
0.004, -8.06359e-18, 0, -inf
0.005, -3.23726e-18, 0, -inf
0.006, -7.50298e-18, 0, -inf
0.007, -9.36268e-18, 0, -inf
0.008, -1.97043e-17, 0, -inf
0.009, -8.21819e-18, 0, -inf
0.01, -6.93889e-18, 0, -inf
0.02, -1.36855e-17, 0, -inf
0.03, -4.9579e-18, 0, -inf
0.04, -1.83844e-18, 0, -inf
0.05, -3.50325e-18, 0, -inf
0.06, -4.02628e-18, 0, -inf
0.07, -6.53858e-18, 0, -inf
0.08, -9.40411e-18, 0, -inf
0.09, -1.57953e-18, 0, -inf
0.1, -5.20417e-18, 0, -inf
0.2, 1.86085e-18, 0, inf
0.3, -2.51814e-17, 0, -inf
0.4, -1.15909e-18, 0, -inf
0.5, -1.21932e-17, 0, -inf
0.6, -1.34386e-17, 0, -inf
0.7, -1.4986e-17, 0, -inf
0.8, -2.19548e-17, 0, -inf
0.9, -8.6775e-18, 0, -inf
0.0001, 0, 0, -nan
0.0002, 0, 0, -nan
0.0003, 0, 0, -nan
0.0004, 0, 0, -nan
0.0005, 0, 0, -nan
0.0006, 0, 0, -nan
0.0007, 0, 0, -nan
0.0008, 0, 0, -nan
0.0009, 0, 0, -nan
0.001, 0, 0, -nan
0.002, 0, 0, -nan
0.003, 0, 0, -nan
0.004, 0, 0, -nan
0.005, 0, 0, -nan
0.006, 0, 0, -nan
0.007, 0, 0, -nan
0.008, 0, 0, -nan
0.009, 0, 0, -nan
0.01, 0, 0, -nan
0.02, 0, 0, -nan
0.03, 0, 0, -nan
0.04, 0, 0, -nan
0.05, 0, 0, -nan
0.06, 0, 0, -nan
0.07, 0, 0, -nan
0.08, 0, 0, -nan
0.09, 0, 0, -nan
0.1, 0, 0, -nan
0.2, 0, 0, -nan
0.3, 0, 0, -nan
0.4, 0, 0, -nan
0.5, 0, 0, -nan
0.6, 0, 0, -nan
0.7, 0, 0, -nan
0.8, 0, 0, -nan
0.9, 0, 0, -nan
0.0001, 22.0888, 21.5563, 1.0247
0.0002, 17.8659, 17.4193, 1.02564
0.0003, 15.7263, 15.3316, 1.02574
0.0004, 14.3412, 13.9835, 1.02558
0.0005, 13.3382, 13.0085, 1.02534
0.0006, 12.5626, 12.2553, 1.02507
0.0007, 11.9359, 11.6475, 1.02476
0.0008, 11.4143, 11.1416, 1.02447
0.0009, 10.9698, 10.7109, 1.02417
0.001, 10.5843, 10.3375, 1.02387
0.002, 8.31379, 8.1402, 1.02132
0.003, 7.17976, 7.04329, 1.01937
0.004, 6.45234, 6.33963, 1.01778
0.005, 5.92909, 5.83314, 1.01645
0.006, 5.52669, 5.44319, 1.01534
0.007, 5.20298, 5.1294, 1.01434
0.008, 4.9345, 4.86891, 1.01347
0.009, 4.70648, 4.6477, 1.01265
0.01, 4.50922, 4.45583, 1.01198
0.02, 3.35785, 3.3327, 1.00755
0.03, 2.78877, 2.77396, 1.00534
0.04, 2.4252, 2.41537, 1.00407
0.05, 2.16402, 2.15682, 1.00334
0.06, 1.96312, 1.9573, 1.00297
0.07, 1.80136, 1.79635, 1.00279
0.08, 1.667, 1.66242, 1.00276
0.09, 1.55259, 1.54826, 1.0028
0.1, 1.45426, 1.44925, 1.00345
0.2, 0.872417, 0.865208, 1.00833
0.3, 0.582705, 0.575047, 1.01332
0.4, 0.401372, 0.393249, 1.02066
0.5, 0.27597, 0.267955, 1.02991
0.6, 0.184315, 0.177593, 1.03785
0.7, 0.115471, 0.111103, 1.03932
0.8, 0.0634817, 0.0619071, 1.02544
0.9, 0.025438, 0.0255904, 0.994042
0.0001, 0.944591, 1.02336, 0.923032
0.0002, 0.774482, 0.826466, 0.937102
0.0003, 0.687705, 0.727454, 0.945358
0.0004, 0.631324, 0.663754, 0.951141
0.0005, 0.590399, 0.617846, 0.955577
0.0006, 0.558711, 0.582501, 0.959158
0.0007, 0.533083, 0.554073, 0.962115
0.0008, 0.511736, 0.53049, 0.964648
0.0009, 0.493543, 0.510473, 0.966836
0.001, 0.477759, 0.493169, 0.968754
0.002, 0.384961, 0.392694, 0.98031
0.003, 0.338957, 0.343809, 0.985889
0.004, 0.309745, 0.313152, 0.989121
0.005, 0.288969, 0.291544, 0.991168
0.006, 0.273183, 0.275236, 0.992539
0.007, 0.260641, 0.262363, 0.993435
0.008, 0.250374, 0.251874, 0.994047
0.009, 0.241769, 0.243133, 0.994389
0.01, 0.234421, 0.235676, 0.994678
0.02, 0.194309, 0.195423, 0.994297
0.03, 0.177348, 0.178546, 0.99329
0.04, 0.168186, 0.169392, 0.992879
0.05, 0.162701, 0.163844, 0.99302
0.06, 0.159248, 0.160278, 0.99357
0.07, 0.15702, 0.157917, 0.994318
0.08, 0.155587, 0.156341, 0.995174
0.09, 0.154676, 0.155289, 0.996051
0.1, 0.154145, 0.154611, 0.996989
0.2, 0.155303, 0.155339, 0.999768
0.3, 0.157971, 0.159263, 0.991889
0.4, 0.160807, 0.164109, 0.979878
0.5, 0.16417, 0.169347, 0.96943
0.6, 0.166698, 0.172815, 0.964604
0.7, 0.164527, 0.169706, 0.969483
0.8, 0.150634, 0.151643, 0.993343
0.9, 0.112319, 0.10499, 1.0698
0.0001, 0.940959, 1.02298, 0.919821
0.0002, 0.773168, 0.832958, 0.928219
0.0003, 0.687436, 0.736424, 0.933478
0.0004, 0.631689, 0.673925, 0.937328
0.0005, 0.591209, 0.62868, 0.940398
0.0006, 0.559859, 0.593723, 0.942963
0.0007, 0.534506, 0.565531, 0.94514
0.0008, 0.513391, 0.54209, 0.947059
0.0009, 0.495402, 0.522157, 0.94876
0.001, 0.479799, 0.504899, 0.950287
0.002, 0.388332, 0.404286, 0.960536
0.003, 0.343387, 0.355247, 0.966613
0.004, 0.31517, 0.324615, 0.970905
0.005, 0.295364, 0.303175, 0.974237
0.006, 0.280535, 0.287146, 0.976979
0.007, 0.268941, 0.274633, 0.979276
0.008, 0.259615, 0.264564, 0.981295
0.009, 0.251944, 0.2563, 0.983001
0.01, 0.245522, 0.249349, 0.984652
0.02, 0.214328, 0.215254, 0.9957
0.03, 0.205697, 0.20516, 1.00261
0.04, 0.204336, 0.202818, 1.00748
0.05, 0.206183, 0.203954, 1.01093
0.06, 0.209641, 0.206882, 1.01334
0.07, 0.213945, 0.21081, 1.01487
0.08, 0.218698, 0.215317, 1.0157
0.09, 0.223657, 0.220136, 1.016
0.1, 0.228724, 0.22513, 1.01596
0.2, 0.274891, 0.273638, 1.00458
0.3, 0.314066, 0.31669, 0.991715
0.4, 0.356007, 0.362309, 0.982604
0.5, 0.405432, 0.416319, 0.973851
0.6, 0.457381, 0.47446, 0.964004
0.7, 0.495408, 0.516519, 0.959129
0.8, 0.489797, 0.500798, 0.978034
0.9, 0.389807, 0.359333, 1.08481
0.0001, 0.942524, 1.02707, 0.917682
0.0002, 0.770284, 0.834462, 0.923091
0.0003, 0.682045, 0.736086, 0.926583
0.0004, 0.624512, 0.672111, 0.929181
0.0005, 0.58262, 0.62561, 0.931283
0.0006, 0.550087, 0.589549, 0.933065
0.0007, 0.523705, 0.560362, 0.934584
0.0008, 0.501673, 0.53601, 0.935938
0.0009, 0.482849, 0.515234, 0.937145
0.001, 0.466478, 0.497187, 0.938234
0.002, 0.369225, 0.390422, 0.945708
0.003, 0.32004, 0.336796, 0.950249
0.004, 0.288256, 0.302321, 0.953476
0.005, 0.26528, 0.277496, 0.955976
0.006, 0.247549, 0.258394, 0.958028
0.007, 0.233252, 0.243042, 0.959719
0.008, 0.221377, 0.230318, 0.961181
0.009, 0.211282, 0.219537, 0.962402
0.01, 0.202544, 0.210203, 0.963564
0.02, 0.151756, 0.156333, 0.970719
0.03, 0.127213, 0.130509, 0.974745
0.04, 0.112064, 0.114637, 0.977554
0.05, 0.101623, 0.103728, 0.979699
0.06, 0.0939582, 0.0957354, 0.981436
0.07, 0.088092, 0.0896387, 0.982746
0.08, 0.0834809, 0.0848625, 0.983719
0.09, 0.0797765, 0.0810418, 0.984387
0.1, 0.0767749, 0.0779496, 0.984929
0.2, 0.0645861, 0.0658412, 0.980936
0.3, 0.0653744, 0.0667934, 0.978756
0.4, 0.0725179, 0.073635, 0.984829
0.5, 0.0845147, 0.0855975, 0.98735
0.6, 0.099122, 0.101364, 0.977878
0.7, 0.111695, 0.115886, 0.963839
0.8, 0.114241, 0.117734, 0.97033
0.9, 0.0934428, 0.0871251, 1.07251
0.0001, 0.531896, 0.561602, 0.947104
0.0002, 0.424991, 0.44281, 0.959759
0.0003, 0.371138, 0.383641, 0.96741
0.0004, 0.336417, 0.345788, 0.9729
0.0005, 0.311354, 0.318615, 0.977212
0.0006, 0.292029, 0.297756, 0.980769
0.0007, 0.276454, 0.281018, 0.983758
0.0008, 0.263518, 0.26716, 0.986368
0.0009, 0.252519, 0.255416, 0.988659
0.001, 0.242997, 0.245278, 0.9907
0.002, 0.187387, 0.186666, 1.00386
0.003, 0.160052, 0.158306, 1.01103
0.004, 0.142774, 0.140579, 1.01562
0.005, 0.130527, 0.128118, 1.01881
0.006, 0.121247, 0.118738, 1.02113
0.007, 0.113894, 0.111355, 1.0228
0.008, 0.107889, 0.105356, 1.02404
0.009, 0.102871, 0.100376, 1.02486
0.01, 0.0985995, 0.0961401, 1.02558
0.02, 0.0757003, 0.0738147, 1.02555
0.03, 0.0666214, 0.0652075, 1.02168
0.04, 0.0622372, 0.0611801, 1.01728
0.05, 0.0600773, 0.0593082, 1.01297
0.06, 0.0591469, 0.0586236, 1.00893
0.07, 0.0589551, 0.0586611, 1.00501
0.08, 0.0592374, 0.0591666, 1.0012
0.09, 0.0598248, 0.059979, 0.997429
0.1, 0.0606438, 0.0610083, 0.994026
0.2, 0.0726627, 0.075295, 0.965039
0.3, 0.0875971, 0.0918601, 0.953593
0.4, 0.107951, 0.11296, 0.955652
0.5, 0.13667, 0.142743, 0.957456
0.6, 0.174511, 0.183232, 0.952402
0.7, 0.218443, 0.230724, 0.94677
0.8, 0.257545, 0.269884, 0.954282
0.9, 0.257497, 0.25948, 0.992361
0.0001, -8.32667e-17, 0, -inf
0.0002, 2.49093e-17, 0, inf
0.0003, -5.55345e-17, 0, -inf
0.0004, -5.18631e-17, 0, -inf
0.0005, -4.11314e-17, 0, -inf
0.0006, -2.90386e-17, 0, -inf
0.0007, -5.6192e-17, 0, -inf
0.0008, -2.98441e-17, 0, -inf
0.0009, -2.78183e-17, 0, -inf
0.001, -2.08167e-17, 0, -inf
0.002, -5.43522e-17, 0, -inf
0.003, -3.10902e-17, 0, -inf
0.004, -6.98798e-18, 0, -inf
0.005, -2.75546e-17, 0, -inf
0.006, -3.90224e-17, 0, -inf
0.007, -4.28475e-17, 0, -inf
0.008, -2.59465e-17, 0, -inf
0.009, -2.75094e-17, 0, -inf
0.01, -1.73472e-17, 0, -inf
0.02, -1.33282e-17, 0, -inf
0.03, -1.05443e-17, 0, -inf
0.04, -1.33448e-17, 0, -inf
0.05, -1.02525e-17, 0, -inf
0.06, -9.17679e-18, 0, -inf
0.07, -1.03729e-17, 0, -inf
0.08, -1.24341e-17, 0, -inf
0.09, -1.63683e-17, 0, -inf
0.1, -3.46945e-18, 0, -inf
0.2, -8.6298e-18, 0, -inf
0.3, -2.14698e-17, 0, -inf
0.4, -1.14784e-17, 0, -inf
0.5, -1.69571e-17, 0, -inf
0.6, 1.43379e-17, 0, inf
0.7, -6.18029e-18, 0, -inf
0.8, -1.62583e-17, 0, -inf
0.9, -1.60657e-18, 0, -inf
0.0001, 0, 0, -nan
0.0002, 0, 0, -nan
0.0003, 0, 0, -nan
0.0004, 0, 0, -nan
0.0005, 0, 0, -nan
0.0006, 0, 0, -nan
0.0007, 0, 0, -nan
0.0008, 0, 0, -nan
0.0009, 0, 0, -nan
0.001, 0, 0, -nan
0.002, 0, 0, -nan
0.003, 0, 0, -nan
0.004, 0, 0, -nan
0.005, 0, 0, -nan
0.006, 0, 0, -nan
0.007, 0, 0, -nan
0.008, 0, 0, -nan
0.009, 0, 0, -nan
0.01, 0, 0, -nan
0.02, 0, 0, -nan
0.03, 0, 0, -nan
0.04, 0, 0, -nan
0.05, 0, 0, -nan
0.06, 0, 0, -nan
0.07, 0, 0, -nan
0.08, 0, 0, -nan
0.09, 0, 0, -nan
0.1, 0, 0, -nan
0.2, 0, 0, -nan
0.3, 0, 0, -nan
0.4, 0, 0, -nan
0.5, 0, 0, -nan
0.6, 0, 0, -nan
0.7, 0, 0, -nan
0.8, 0, 0, -nan
0.9, 0, 0, -nan
0.0001, 37.4533, 36.7015, 1.02048
0.0002, 29.3669, 28.6332, 1.02563
0.0003, 25.3734, 24.6881, 1.02776
0.0004, 22.8303, 22.1908, 1.02882
0.0005, 21.0112, 20.4108, 1.02942
0.0006, 19.6186, 19.0516, 1.02976
0.0007, 18.5026, 17.9653, 1.02991
0.0008, 17.5803, 17.0687, 1.02998
0.0009, 16.7995, 16.3109, 1.02995
0.001, 16.126, 15.6581, 1.02988
0.002, 12.2387, 11.9028, 1.02822
0.003, 10.3543, 10.0888, 1.02631
0.004, 9.16873, 8.94919, 1.02453
0.005, 8.32837, 8.14159, 1.02294
0.006, 7.68973, 7.52748, 1.02155
0.007, 7.18107, 7.03844, 1.02026
0.008, 6.76286, 6.63612, 1.0191
0.009, 6.41039, 6.2972, 1.01797
0.01, 6.10756, 6.00517, 1.01705
0.02, 4.38298, 4.33808, 1.01035
0.03, 3.56152, 3.5387, 1.00645
0.04, 3.04926, 3.03775, 1.00379
0.05, 2.68795, 2.68296, 1.00186
0.06, 2.41416, 2.41309, 1.00044
0.07, 2.1965, 2.19801, 0.999313
0.08, 2.01769, 2.02093, 0.9984
0.09, 1.86698, 1.87135, 0.997662
0.1, 1.7391, 1.74271, 0.997925
0.2, 1.00264, 1.00561, 0.997041
0.3, 0.653198, 0.654803, 0.997549
0.4, 0.442558, 0.441221, 1.00303
0.5, 0.301462, 0.297633, 1.01286
0.6, 0.201254, 0.196662, 1.02335
0.7, 0.127302, 0.124159, 1.02532
0.8, 0.0716103, 0.0710689, 1.00762
0.9, 0.0296348, 0.0304973, 0.971719
0.0001, 1.50169, 1.59964, 0.938768
0.0002, 1.20252, 1.25979, 0.954541
0.0003, 1.05281, 1.09236, 0.963794
0.0004, 0.956701, 0.986037, 0.970249
0.0005, 0.887545, 0.910137, 0.975177
0.0006, 0.834363, 0.852144, 0.979133
0.0007, 0.791592, 0.805793, 0.982376
0.0008, 0.756137, 0.767544, 0.985138
0.0009, 0.726044, 0.735233, 0.987502
0.001, 0.70003, 0.707415, 0.98956
0.002, 0.548933, 0.548148, 1.00143
0.003, 0.47524, 0.472158, 1.00653
0.004, 0.428867, 0.42504, 1.00901
0.005, 0.396077, 0.392081, 1.01019
0.006, 0.371261, 0.36734, 1.01067
0.007, 0.351598, 0.347886, 1.01067
0.008, 0.335531, 0.332082, 1.01039
0.009, 0.322079, 0.318938, 1.00985
0.01, 0.310604, 0.30774, 1.0093
0.02, 0.247807, 0.247296, 1.00207
0.03, 0.220775, 0.221537, 0.996559
0.04, 0.205708, 0.20711, 0.99323
0.05, 0.196288, 0.197967, 0.99152
0.06, 0.190006, 0.191741, 0.990954
0.07, 0.185636, 0.187305, 0.991089
0.08, 0.182518, 0.18405, 0.991675
0.09, 0.180245, 0.181603, 0.99252
0.1, 0.178599, 0.179743, 0.993633
0.2, 0.174164, 0.174423, 0.998513
0.3, 0.175088, 0.176985, 0.989284
0.4, 0.177923, 0.182606, 0.974354
0.5, 0.182503, 0.189667, 0.962228
0.6, 0.187206, 0.195301, 0.958549
0.7, 0.188049, 0.194218, 0.968241
0.8, 0.177867, 0.177477, 1.0022
0.9, 0.142276, 0.129458, 1.09901
0.0001, 1.49865, 1.60991, 0.930891
0.0002, 1.20175, 1.27884, 0.939718
0.0003, 1.05312, 1.11397, 0.945375
0.0004, 0.95769, 1.00857, 0.949554
0.0005, 0.889039, 0.93298, 0.952902
0.0006, 0.836262, 0.875022, 0.955704
0.0007, 0.793836, 0.828571, 0.958079
0.0008, 0.758685, 0.790156, 0.960171
0.0009, 0.728868, 0.757645, 0.962018
0.001, 0.703108, 0.729614, 0.963671
0.002, 0.554067, 0.568558, 0.974513
0.003, 0.482124, 0.491677, 0.980572
0.004, 0.437402, 0.444254, 0.984577
0.005, 0.406209, 0.411356, 0.987488
0.006, 0.382952, 0.38692, 0.989744
0.007, 0.364819, 0.36794, 0.991517
0.008, 0.350255, 0.352727, 0.992991
0.009, 0.338285, 0.340278, 0.994144
0.01, 0.328269, 0.329827, 0.995275
0.02, 0.279151, 0.278601, 1.00197
0.03, 0.264498, 0.262832, 1.00634
0.04, 0.260809, 0.258255, 1.00989
0.05, 0.261936, 0.258636, 1.01276
0.06, 0.265491, 0.261556, 1.01504
0.07, 0.270336, 0.265895, 1.0167
0.08, 0.275884, 0.271061, 1.01779
0.09, 0.281779, 0.276687, 1.0184
0.1, 0.287892, 0.282586, 1.01877
0.2, 0.344684, 0.3415, 1.00932
0.3, 0.394039, 0.395524, 0.996245
0.4, 0.44692, 0.453052, 0.986465
0.5, 0.508044, 0.520104, 0.976812
0.6, 0.571849, 0.592073, 0.965843
0.7, 0.62151, 0.647485, 0.959883
0.8, 0.626763, 0.640354, 0.978776
0.9, 0.529204, 0.487115, 1.0864
0.0001, 1.499, 1.60568, 0.93356
0.0002, 1.19755, 1.27855, 0.936648
0.0003, 1.04628, 1.11422, 0.939026
0.0004, 0.948933, 1.00849, 0.940945
0.0005, 0.878738, 0.932257, 0.942593
0.0006, 0.824649, 0.873523, 0.94405
0.0007, 0.781068, 0.826245, 0.945323
0.0008, 0.744876, 0.786986, 0.946493
0.0009, 0.714106, 0.753632, 0.947553
0.001, 0.687462, 0.724769, 0.948525
0.002, 0.531588, 0.55631, 0.955561
0.003, 0.454498, 0.473396, 0.96008
0.004, 0.405391, 0.42081, 0.963359
0.005, 0.370271, 0.383334, 0.965922
0.006, 0.343404, 0.354744, 0.968032
0.007, 0.321897, 0.331935, 0.96976
0.008, 0.304147, 0.313154, 0.971238
0.009, 0.289142, 0.297334, 0.972449
0.01, 0.276222, 0.283708, 0.973613
0.02, 0.202503, 0.20661, 0.980125
0.03, 0.16792, 0.17082, 0.983027
0.04, 0.147028, 0.149333, 0.984567
0.05, 0.132889, 0.134854, 0.985429
0.06, 0.122678, 0.124428, 0.985938
0.07, 0.114982, 0.116603, 0.986098
0.08, 0.109021, 0.110568, 0.986004
0.09, 0.104301, 0.105813, 0.985711
0.1, 0.100539, 0.102022, 0.985464
0.2, 0.0863243, 0.0883025, 0.977598
0.3, 0.0884666, 0.0904573, 0.977993
0.4, 0.0980837, 0.0991543, 0.989203
0.5, 0.113035, 0.113435, 0.996475
0.6, 0.130625, 0.132063, 0.989107
0.7, 0.145908, 0.149872, 0.97355
0.8, 0.150657, 0.154311, 0.976321
0.9, 0.129642, 0.120898, 1.07232
0.0001, 1.10337, 1.15948, 0.951611
0.0002, 0.865427, 0.901221, 0.960283
0.0003, 0.747583, 0.774101, 0.965744
0.0004, 0.672424, 0.693399, 0.969751
0.0005, 0.618605, 0.635797, 0.97296
0.0006, 0.577378, 0.591787, 0.975651
0.0007, 0.544327, 0.556612, 0.977929
0.0008, 0.517005, 0.527585, 0.979945
0.0009, 0.49387, 0.503064, 0.981725
0.001, 0.473914, 0.481952, 0.983322
0.002, 0.358868, 0.361087, 0.993855
0.003, 0.303396, 0.303477, 0.999732
0.004, 0.268773, 0.267833, 1.00351
0.005, 0.244466, 0.242981, 1.00611
0.006, 0.226195, 0.224402, 1.00799
0.007, 0.211817, 0.209865, 1.0093
0.008, 0.200148, 0.198121, 1.01023
0.009, 0.19045, 0.18842, 1.01077
0.01, 0.18224, 0.180208, 1.01128
0.02, 0.13912, 0.137767, 1.00983
0.03, 0.122761, 0.1221, 1.00541
0.04, 0.115284, 0.115172, 1.00097
0.05, 0.111941, 0.11228, 0.996983
0.06, 0.110848, 0.11157, 0.993526
0.07, 0.111084, 0.112162, 0.990384
0.08, 0.112158, 0.113582, 0.987463
0.09, 0.113762, 0.11553, 0.984691
0.1, 0.115772, 0.117843, 0.982427
0.2, 0.141594, 0.146795, 0.964571
0.3, 0.171173, 0.177847, 0.962469
0.4, 0.20885, 0.215055, 0.971148
0.5, 0.259144, 0.265257, 0.976952
0.6, 0.322517, 0.331366, 0.973296
0.7, 0.392707, 0.406529, 0.966
0.8, 0.450688, 0.464624, 0.970007
0.9, 0.441487, 0.437234, 1.00973
0.0001, 0.523921, 0.520288, 1.00698
0.0002, 0.40427, 0.400602, 1.00916
0.0003, 0.345795, 0.342095, 1.01081
0.0004, 0.308814, 0.305108, 1.01215
0.0005, 0.282497, 0.278786, 1.01331
0.0006, 0.262435, 0.258719, 1.01436
0.0007, 0.246415, 0.242708, 1.01528
0.0008, 0.233217, 0.229513, 1.01614
0.0009, 0.222073, 0.218379, 1.01692
0.001, 0.212484, 0.208801, 1.01764
0.002, 0.15763, 0.154072, 1.02309
0.003, 0.131398, 0.127969, 1.0268
0.004, 0.115051, 0.111745, 1.02958
0.005, 0.103552, 0.10036, 1.03181
0.006, 0.0948719, 0.0917805, 1.03368
0.007, 0.0880011, 0.0850073, 1.03522
0.008, 0.082385, 0.0794815, 1.03653
0.009, 0.0776785, 0.0748653, 1.03758
0.01, 0.0736566, 0.0709169, 1.03863
0.02, 0.0513177, 0.0491749, 1.04357
0.03, 0.0412549, 0.039522, 1.04385
0.04, 0.0353371, 0.0339182, 1.04183
0.05, 0.0314154, 0.0302488, 1.03857
0.06, 0.0286335, 0.0276727, 1.03472
0.07, 0.0265688, 0.0257823, 1.03051
0.08, 0.0249921, 0.0243531, 1.02624
0.09, 0.0237566, 0.0232454, 1.02199
0.1, 0.0227849, 0.0223747, 1.01833
0.2, 0.0191849, 0.0192263, 0.997846
0.3, 0.0196276, 0.0196441, 0.999159
0.4, 0.0221207, 0.0221379, 0.999225
0.5, 0.0267358, 0.0270366, 0.988876
0.6, 0.033681, 0.0345345, 0.975286
0.7, 0.0426952, 0.0441074, 0.967982
0.8, 0.0523762, 0.0537902, 0.973713
0.9, 0.0574363, 0.0579335, 0.991419
0.0001, 0, 0, -nan
0.0002, 0, 0, -nan
0.0003, 0, 0, -nan
0.0004, 0, 0, -nan
0.0005, 0, 0, -nan
0.0006, 0, 0, -nan
0.0007, 0, 0, -nan
0.0008, 0, 0, -nan
0.0009, 0, 0, -nan
0.001, 0, 0, -nan
0.002, 0, 0, -nan
0.003, 0, 0, -nan
0.004, 0, 0, -nan
0.005, 0, 0, -nan
0.006, 0, 0, -nan
0.007, 0, 0, -nan
0.008, 0, 0, -nan
0.009, 0, 0, -nan
0.01, 0, 0, -nan
0.02, 0, 0, -nan
0.03, 0, 0, -nan
0.04, 0, 0, -nan
0.05, 0, 0, -nan
0.06, 0, 0, -nan
0.07, 0, 0, -nan
0.08, 0, 0, -nan
0.09, 0, 0, -nan
0.1, 0, 0, -nan
0.2, 0, 0, -nan
0.3, 0, 0, -nan
0.4, 0, 0, -nan
0.5, 0, 0, -nan
0.6, 0, 0, -nan
0.7, 0, 0, -nan
0.8, 0, 0, -nan
0.9, 0, 0, -nan
0.0001, 50.36, 49.2158, 1.02325
0.0002, 38.8137, 37.647, 1.03099
0.0003, 33.1941, 32.0928, 1.03432
0.0004, 29.6488, 28.6166, 1.03607
0.0005, 27.1304, 26.1594, 1.03712
0.0006, 25.2132, 24.2955, 1.03777
0.0007, 23.6841, 22.814, 1.03814
0.0008, 22.4255, 21.5968, 1.03837
0.0009, 21.3637, 20.5723, 1.03847
0.001, 20.4507, 19.6928, 1.03849
0.002, 15.2401, 14.6967, 1.03697
0.003, 12.7557, 12.3266, 1.03481
0.004, 11.2093, 10.8544, 1.0327
0.005, 10.1219, 9.81976, 1.03077
0.006, 9.30086, 9.03821, 1.02906
0.007, 8.65039, 8.41925, 1.02745
0.008, 8.11808, 7.91247, 1.02599
0.009, 7.6713, 7.48732, 1.02457
0.01, 7.28883, 7.12227, 1.02339
0.02, 5.13855, 5.06478, 1.01456
0.03, 4.13369, 4.09632, 1.00912
0.04, 3.51464, 3.49639, 1.00522
0.05, 3.08194, 3.07511, 1.00222
0.06, 2.75644, 2.75679, 0.999874
0.07, 2.49924, 2.50449, 0.997903
0.08, 2.28905, 2.29772, 0.996227
0.09, 2.11274, 2.12377, 0.994809
0.1, 1.96413, 1.97468, 0.994658
0.2, 1.11767, 1.13004, 0.989053
0.3, 0.723856, 0.733748, 0.986519
0.4, 0.489644, 0.494126, 0.99093
0.5, 0.334124, 0.333746, 1.00113
0.6, 0.224338, 0.221373, 1.0134
0.7, 0.142904, 0.140795, 1.01498
0.8, 0.0809389, 0.081395, 0.994395
0.9, 0.0334164, 0.0349995, 0.954768
0.0001, 1.96425, 2.05159, 0.95743
0.0002, 1.5508, 1.59333, 0.973306
0.0003, 1.34634, 1.37023, 0.982566
0.0004, 1.21605, 1.2296, 0.988978
0.0005, 1.12281, 1.12977, 0.993842
0.0006, 1.05141, 1.05382, 0.997718
0.0007, 0.9942, 0.993337, 1.00087
0.0008, 0.946914, 0.94358, 1.00353
0.0009, 0.906885, 0.901662, 1.00579
0.001, 0.872361, 0.865658, 1.00774
0.002, 0.67341, 0.661191, 1.01848
0.003, 0.577431, 0.564746, 1.02246
0.004, 0.517417, 0.505344, 1.02389
0.005, 0.475165, 0.463984, 1.0241
0.006, 0.443288, 0.433041, 1.02366
0.007, 0.418093, 0.408773, 1.0228
0.008, 0.397544, 0.389097, 1.02171
0.009, 0.380365, 0.372758, 1.02041
0.01, 0.365729, 0.358854, 1.01916
0.02, 0.285818, 0.283942, 1.00661
0.03, 0.251369, 0.2519, 0.997892
0.04, 0.232033, 0.233769, 0.992574
0.05, 0.219813, 0.222111, 0.989655
0.06, 0.211551, 0.214033, 0.988403
0.07, 0.205704, 0.208159, 0.988205
0.08, 0.201446, 0.203747, 0.988702
0.09, 0.198266, 0.200344, 0.989627
0.1, 0.195892, 0.197679, 0.990961
0.2, 0.188116, 0.188382, 0.998589
0.3, 0.188324, 0.190191, 0.990178
0.4, 0.191546, 0.196459, 0.974995
0.5, 0.197301, 0.204893, 0.962944
0.6, 0.20386, 0.212296, 0.960262
0.7, 0.207134, 0.213214, 0.971484
0.8, 0.199717, 0.198437, 1.00645
0.9, 0.165792, 0.150879, 1.09884
0.0001, 1.9616, 2.06944, 0.94789
0.0002, 1.55042, 1.6208, 0.956573
0.0003, 1.34707, 1.4, 0.962197
0.0004, 1.21752, 1.25991, 0.966357
0.0005, 1.12484, 1.16001, 0.969689
0.0006, 1.05392, 1.08375, 0.972472
0.0007, 0.997108, 1.02287, 0.974817
0.0008, 0.950189, 0.972679, 0.976878
0.0009, 0.910498, 0.930327, 0.978686
0.001, 0.876291, 0.893905, 0.980296
0.002, 0.679992, 0.686507, 0.990511
0.003, 0.586317, 0.588805, 0.995773
0.004, 0.528472, 0.529043, 0.998919
0.005, 0.488309, 0.487841, 1.00096
0.006, 0.458463, 0.457384, 1.00236
0.007, 0.43525, 0.433822, 1.00329
0.008, 0.416642, 0.415001, 1.00395
0.009, 0.401369, 0.399641, 1.00432
0.01, 0.388603, 0.386779, 1.00472
0.02, 0.32601, 0.324157, 1.00571
0.03, 0.307006, 0.304933, 1.0068
0.04, 0.301739, 0.29918, 1.00855
0.05, 0.30248, 0.299327, 1.01053
0.06, 0.306243, 0.30247, 1.01248
0.07, 0.311619, 0.307275, 1.01414
0.08, 0.317877, 0.313047, 1.01543
0.09, 0.324582, 0.319356, 1.01636
0.1, 0.33158, 0.325985, 1.01716
0.2, 0.397046, 0.392586, 1.01136
0.3, 0.4542, 0.454141, 1.00013
0.4, 0.514909, 0.519335, 0.991477
0.5, 0.584204, 0.594487, 0.982702
0.6, 0.656572, 0.67538, 0.972152
0.7, 0.714972, 0.740901, 0.965003
0.8, 0.728338, 0.743854, 0.979141
0.9, 0.632239, 0.591157, 1.06949
0.0001, 1.96116, 2.0529, 0.955313
0.0002, 1.54533, 1.61577, 0.956409
0.0003, 1.33924, 1.39828, 0.95778
0.0004, 1.20766, 1.25922, 0.959055
0.0005, 1.11334, 1.15943, 0.96025
0.0006, 1.041, 1.08283, 0.961367
0.0007, 0.982939, 1.02137, 0.962371
0.0008, 0.934885, 0.970478, 0.963324
0.0009, 0.894149, 0.927346, 0.964202
0.001, 0.858968, 0.890102, 0.965022
0.002, 0.655041, 0.674429, 0.971253
0.003, 0.555537, 0.56953, 0.97543
0.004, 0.492692, 0.503522, 0.978491
0.005, 0.448036, 0.456768, 0.980883
0.006, 0.41405, 0.421277, 0.982843
0.007, 0.386962, 0.393084, 0.984425
0.008, 0.364689, 0.369959, 0.985757
0.009, 0.345925, 0.350548, 0.986813
0.01, 0.329815, 0.333877, 0.987836
0.02, 0.23889, 0.24064, 0.992727
0.03, 0.19696, 0.198168, 0.993903
0.04, 0.17194, 0.173019, 0.993761
0.05, 0.155182, 0.156267, 0.993056
0.06, 0.143196, 0.144329, 0.992147
0.07, 0.134242, 0.135456, 0.991041
0.08, 0.127368, 0.128676, 0.98983
0.09, 0.121973, 0.123383, 0.988574
0.1, 0.117718, 0.119204, 0.987537
0.2, 0.102379, 0.104842, 0.976501
0.3, 0.105588, 0.10791, 0.978481
0.4, 0.116902, 0.117766, 0.992663
0.5, 0.133818, 0.133366, 1.0034
0.6, 0.153462, 0.153647, 0.998794
0.7, 0.170726, 0.173678, 0.983006
0.8, 0.177149, 0.180702, 0.980341
0.9, 0.156017, 0.147586, 1.05712
0.0001, 1.57459, 1.63653, 0.962152
0.0002, 1.22117, 1.26156, 0.967991
0.0003, 1.04795, 1.07825, 0.971905
0.0004, 0.938203, 0.962391, 0.974867
0.0005, 0.86, 0.879972, 0.977304
0.0006, 0.800328, 0.817172, 0.979387
0.0007, 0.752647, 0.767093, 0.981168
0.0008, 0.71334, 0.725849, 0.982767
0.0009, 0.680142, 0.691068, 0.984189
0.001, 0.651566, 0.661171, 0.985474
0.002, 0.488113, 0.490978, 0.994164
0.003, 0.410204, 0.410565, 0.999121
0.004, 0.361943, 0.361111, 1.0023
0.005, 0.328256, 0.326792, 1.00448
0.006, 0.303054, 0.30124, 1.00602
0.007, 0.283302, 0.281319, 1.00705
0.008, 0.267332, 0.265277, 1.00775
0.009, 0.254102, 0.252067, 1.00807
0.01, 0.242936, 0.240914, 1.00839
0.02, 0.18501, 0.183946, 1.00578
0.03, 0.163611, 0.163467, 1.00088
0.04, 0.15417, 0.154733, 0.996363
0.05, 0.150236, 0.15136, 0.99257
0.06, 0.149266, 0.150854, 0.989478
0.07, 0.150033, 0.152038, 0.986815
0.08, 0.151881, 0.154281, 0.984441
0.09, 0.154403, 0.15719, 0.982271
0.1, 0.157446, 0.16055, 0.980665
0.2, 0.194335, 0.200627, 0.968639
0.3, 0.23484, 0.241961, 0.970569
0.4, 0.284566, 0.289989, 0.981299
0.5, 0.348934, 0.353339, 0.987533
0.6, 0.428104, 0.435506, 0.983003
0.7, 0.51353, 0.527698, 0.97315
0.8, 0.581282, 0.597093, 0.973519
0.9, 0.564804, 0.558093, 1.01202
0.0001, 1.01145, 1.00657, 1.00485
0.0002, 0.773376, 0.769545, 1.00498
0.0003, 0.657982, 0.654349, 1.00555
0.0004, 0.585382, 0.581795, 1.00617
0.0005, 0.533919, 0.530305, 1.00682
0.0006, 0.494809, 0.49114, 1.00747
0.0007, 0.463661, 0.45995, 1.00807
0.0008, 0.438055, 0.434288, 1.00867
0.0009, 0.416478, 0.412666, 1.00924
0.001, 0.397944, 0.39409, 1.00978
0.002, 0.29256, 0.288435, 1.0143
0.003, 0.242616, 0.238393, 1.01771
0.004, 0.211668, 0.207436, 1.0204
0.005, 0.189993, 0.18579, 1.02262
0.006, 0.173689, 0.169527, 1.02455
0.007, 0.16082, 0.156722, 1.02615
0.008, 0.150327, 0.146298, 1.02754
0.009, 0.141554, 0.13761, 1.02866
0.01, 0.134072, 0.130191, 1.02981
0.02, 0.0928117, 0.0896381, 1.0354
0.03, 0.07444, 0.0718568, 1.03595
0.04, 0.0637274, 0.0616324, 1.03399
0.05, 0.0566809, 0.0549918, 1.03072
0.06, 0.0517173, 0.050364, 1.02687
0.07, 0.0480592, 0.0469912, 1.02273
0.08, 0.0452855, 0.0444583, 1.01861
0.09, 0.0431289, 0.0425078, 1.01461
0.1, 0.0414503, 0.0409851, 1.01135
0.2, 0.0355423, 0.0357066, 0.995399
0.3, 0.0367602, 0.036791, 0.999162
0.4, 0.0415102, 0.0415272, 0.999592
0.5, 0.0498199, 0.0503223, 0.990015
0.6, 0.0619026, 0.0633008, 0.977912
0.7, 0.0770383, 0.0793527, 0.970834
0.8, 0.0924813, 0.0949523, 0.973977
0.9, 0.0988048, 0.100408, 0.984029
0.0001, 0, 0, -nan
0.0002, 0, 0, -nan
0.0003, 0, 0, -nan
0.0004, 0, 0, -nan
0.0005, 0, 0, -nan
0.0006, 0, 0, -nan
0.0007, 0, 0, -nan
0.0008, 0, 0, -nan
0.0009, 0, 0, -nan
0.001, 0, 0, -nan
0.002, 0, 0, -nan
0.003, 0, 0, -nan
0.004, 0, 0, -nan
0.005, 0, 0, -nan
0.006, 0, 0, -nan
0.007, 0, 0, -nan
0.008, 0, 0, -nan
0.009, 0, 0, -nan
0.01, 0, 0, -nan
0.02, 0, 0, -nan
0.03, 0, 0, -nan
0.04, 0, 0, -nan
0.05, 0, 0, -nan
0.06, 0, 0, -nan
0.07, 0, 0, -nan
0.08, 0, 0, -nan
0.09, 0, 0, -nan
0.1, 0, 0, -nan
0.2, 0, 0, -nan
0.3, 0, 0, -nan
0.4, 0, 0, -nan
0.5, 0, 0, -nan
0.6, 0, 0, -nan
0.7, 0, 0, -nan
0.8, 0, 0, -nan
0.9, 0, 0, -nan
