# mu values:
4.000000
# num_x_vals
36
# x, apfel++, lhapdf, ratio
0.0001, 42.2124, 41.8579, 1.00847
0.0002, 32.431, 32.2411, 1.00589
0.0003, 27.6798, 27.5558, 1.0045
0.0004, 24.6862, 24.5996, 1.00352
0.0005, 22.5617, 22.4986, 1.0028
0.0006, 20.9455, 20.8984, 1.00225
0.0007, 19.6573, 19.6227, 1.00176
0.0008, 18.5975, 18.572, 1.00137
0.0009, 17.7038, 17.6858, 1.00102
0.001, 16.9357, 16.9238, 1.0007
0.002, 12.5577, 12.5736, 0.998735
0.003, 10.4743, 10.4992, 0.997633
0.004, 9.17902, 9.20838, 0.996811
0.005, 8.26895, 8.30085, 0.996157
0.006, 7.58225, 7.61542, 0.995644
0.007, 7.03857, 7.07285, 0.995152
0.008, 6.5939, 6.62894, 0.994715
0.009, 6.22084, 6.25687, 0.994242
0.01, 5.9016, 5.93766, 0.993927
0.02, 4.11064, 4.14741, 0.991134
0.03, 3.27741, 3.31375, 0.989031
0.04, 2.76642, 2.8023, 0.987199
0.05, 2.41095, 2.44624, 0.985572
0.06, 2.14482, 2.1793, 0.98418
0.07, 1.93555, 1.96923, 0.982893
0.08, 1.76533, 1.79822, 0.981712
0.09, 1.62306, 1.6552, 0.980583
0.1, 1.50398, 1.53333, 0.980861
0.2, 0.838092, 0.85728, 0.977617
0.3, 0.534946, 0.549844, 0.972905
0.4, 0.355175, 0.366337, 0.969529
0.5, 0.235, 0.243034, 0.966945
0.6, 0.150708, 0.154995, 0.972343
0.7, 0.0881991, 0.0906087, 0.973406
0.8, 0.0434332, 0.0443118, 0.980172
0.9, 0.0138522, 0.0139621, 0.992127
0.0001, 0.900197, 0.894337, 1.00655
0.0002, 0.716853, 0.716775, 1.00011
0.0003, 0.626052, 0.627957, 0.996965
0.0004, 0.568206, 0.571061, 0.995001
0.0005, 0.526852, 0.530212, 0.993663
0.0006, 0.495232, 0.498872, 0.992702
0.0007, 0.469934, 0.473751, 0.991944
0.0008, 0.449065, 0.452976, 0.991367
0.0009, 0.431433, 0.435396, 0.990898
0.001, 0.416257, 0.420245, 0.99051
0.002, 0.32969, 0.333411, 0.988838
0.003, 0.288883, 0.292249, 0.988483
0.004, 0.263945, 0.267039, 0.988414
0.005, 0.246782, 0.249665, 0.988452
0.006, 0.234122, 0.236834, 0.988546
0.007, 0.224336, 0.226919, 0.988615
0.008, 0.216533, 0.219008, 0.988698
0.009, 0.210155, 0.212556, 0.988701
0.01, 0.204838, 0.207156, 0.988808
0.02, 0.178767, 0.180676, 0.989429
0.03, 0.170229, 0.171888, 0.990346
0.04, 0.166912, 0.168319, 0.991642
0.05, 0.165776, 0.166905, 0.993231
0.06, 0.165692, 0.16652, 0.99503
0.07, 0.166147, 0.16666, 0.996919
0.08, 0.166885, 0.167077, 0.998846
0.09, 0.167757, 0.167628, 1.00077
0.1, 0.168694, 0.168238, 1.00271
0.2, 0.175424, 0.172715, 1.01569
0.3, 0.175666, 0.172834, 1.01639
0.4, 0.171405, 0.170111, 1.00761
0.5, 0.164595, 0.165617, 0.993832
0.6, 0.156724, 0.159711, 0.981296
0.7, 0.148144, 0.152108, 0.973935
0.8, 0.138486, 0.141541, 0.978418
0.9, 0.124019, 0.123852, 1.00135
0.0001, 0.898856, 0.905856, 0.992272
0.0002, 0.71475, 0.71619, 0.997989
0.0003, 0.624115, 0.623563, 1.00088
0.0004, 0.566624, 0.565166, 1.00258
0.0005, 0.52567, 0.523751, 1.00366
0.0006, 0.494452, 0.492296, 1.00438
0.0007, 0.469544, 0.467299, 1.0048
0.0008, 0.449048, 0.446783, 1.00507
0.0009, 0.431772, 0.429543, 1.00519
0.001, 0.416934, 0.414776, 1.0052
0.002, 0.33306, 0.332083, 1.00294
0.003, 0.294203, 0.294368, 0.99944
0.004, 0.270835, 0.271946, 0.995916
0.005, 0.255014, 0.256899, 0.992661
0.006, 0.243544, 0.246068, 0.989746
0.007, 0.234842, 0.237909, 0.98711
0.008, 0.228042, 0.231567, 0.984778
0.009, 0.222605, 0.22654, 0.98263
0.01, 0.218179, 0.222444, 0.980829
0.02, 0.199565, 0.205522, 0.971016
0.03, 0.197287, 0.203538, 0.969288
0.04, 0.199696, 0.205716, 0.970736
0.05, 0.203949, 0.209511, 0.973453
0.06, 0.209006, 0.214008, 0.976627
0.07, 0.214397, 0.218815, 0.979806
0.08, 0.219894, 0.223744, 0.982793
0.09, 0.225357, 0.228678, 0.985475
0.1, 0.230773, 0.233574, 0.988008
0.2, 0.275829, 0.277017, 0.995714
0.3, 0.306101, 0.310278, 0.986537
0.4, 0.327436, 0.33516, 0.976954
0.5, 0.34504, 0.353422, 0.976283
0.6, 0.364036, 0.367884, 0.98954
0.7, 0.38711, 0.383886, 1.0084
0.8, 0.415816, 0.408878, 1.01697
0.9, 0.43583, 0.439696, 0.991206
0.0001, 0.894111, 0.889116, 1.00562
0.0002, 0.710349, 0.708702, 1.00232
0.0003, 0.618834, 0.618306, 1.00085
0.0004, 0.560244, 0.56026, 0.99997
0.0005, 0.518162, 0.518476, 0.999395
0.0006, 0.485843, 0.48633, 0.999
0.0007, 0.459877, 0.460487, 0.998675
0.0008, 0.438367, 0.439053, 0.998438
0.0009, 0.420121, 0.420863, 0.998236
0.001, 0.404354, 0.405139, 0.998063
0.002, 0.312831, 0.313744, 0.997091
0.003, 0.26813, 0.269083, 0.996458
0.004, 0.239908, 0.240913, 0.995825
0.005, 0.219869, 0.220931, 0.995194
0.006, 0.204633, 0.205747, 0.994587
0.007, 0.192501, 0.193675, 0.993939
0.008, 0.182536, 0.183766, 0.993307
0.009, 0.174149, 0.175444, 0.992618
0.01, 0.166953, 0.168292, 0.992039
0.02, 0.126468, 0.128173, 0.9867
0.03, 0.10785, 0.10972, 0.982958
0.04, 0.0967148, 0.0986331, 0.980551
0.05, 0.0892084, 0.0911016, 0.979219
0.06, 0.0837843, 0.0856018, 0.978769
0.07, 0.0796763, 0.081392, 0.978921
0.08, 0.0764669, 0.0780625, 0.97956
0.09, 0.0738948, 0.0753585, 0.980577
0.1, 0.0718058, 0.0731242, 0.981972
0.2, 0.0623834, 0.0625894, 0.996708
0.3, 0.0603661, 0.0601684, 1.00329
0.4, 0.0614716, 0.0613048, 1.00272
0.5, 0.0654316, 0.0654228, 1.00013
0.6, 0.0726598, 0.0726031, 1.00078
0.7, 0.0827861, 0.0827771, 1.00011
0.8, 0.0947412, 0.0949587, 0.99771
0.9, 0.103799, 0.104871, 0.989774
0.0001, 0.635807, 0.639487, 0.994245
0.0002, 0.494404, 0.4971, 0.994578
0.0003, 0.424918, 0.426997, 0.995131
0.0004, 0.380818, 0.382482, 0.995648
0.0005, 0.349355, 0.350704, 0.996153
0.0006, 0.325323, 0.326419, 0.99664
0.0007, 0.306103, 0.307006, 0.997058
0.0008, 0.290247, 0.290983, 0.997469
0.0009, 0.276845, 0.277445, 0.997838
0.001, 0.265302, 0.265786, 0.998178
0.002, 0.199112, 0.198983, 1.00065
0.003, 0.167426, 0.167075, 1.0021
0.004, 0.147726, 0.147291, 1.00295
0.005, 0.133929, 0.133465, 1.00348
0.006, 0.123574, 0.123104, 1.00381
0.007, 0.115431, 0.114977, 1.00395
0.008, 0.108826, 0.108394, 1.00399
0.009, 0.103336, 0.10294, 1.00385
0.01, 0.0986869, 0.0983111, 1.00382
0.02, 0.0741646, 0.0740103, 1.00208
0.03, 0.0646784, 0.0646008, 1.0012
0.04, 0.0601883, 0.0600897, 1.00164
0.05, 0.0580382, 0.0578626, 1.00303
0.06, 0.0571726, 0.0568862, 1.00504
0.07, 0.0570746, 0.056667, 1.00719
0.08, 0.0574655, 0.0569367, 1.00929
0.09, 0.0581697, 0.0575267, 1.01118
0.1, 0.0591046, 0.0583417, 1.01308
0.2, 0.0713369, 0.0703398, 1.01418
0.3, 0.0829801, 0.082665, 1.00381
0.4, 0.095241, 0.0951189, 1.00128
0.5, 0.111469, 0.110422, 1.00949
0.6, 0.135266, 0.132204, 1.02316
0.7, 0.168449, 0.164232, 1.02568
0.8, 0.211879, 0.208959, 1.01397
0.9, 0.26022, 0.262198, 0.992453
0.0001, -1.249e-16, 0, -inf
0.0002, -4.15784e-17, 0, -inf
0.0003, -2.392e-17, 0, -inf
0.0004, -1.37089e-17, 0, -inf
0.0005, -5.55851e-17, 0, -inf
0.0006, -3.71181e-17, 0, -inf
0.0007, -2.61633e-17, 0, -inf
0.0008, -5.46938e-17, 0, -inf
0.0009, -5.05004e-17, 0, -inf
0.001, -4.16334e-17, 0, -inf
0.002, -3.44254e-17, 0, -inf
0.003, -2.24915e-17, 0, -inf
0.004, -3.77717e-17, 0, -inf
0.005, -2.77193e-17, 0, -inf
0.006, -1.04354e-17, 0, -inf
0.007, -1.43358e-17, 0, -inf
0.008, -9.5246e-18, 0, -inf
0.009, -1.68475e-17, 0, -inf
0.01, -1.68636e-30, 0, -inf
0.02, -1.04688e-17, 0, -inf
0.03, -1.50573e-17, 0, -inf
0.04, -1.63192e-17, 0, -inf
0.05, -6.87572e-18, 0, -inf
0.06, -1.47363e-17, 0, -inf
0.07, -1.85614e-17, 0, -inf
0.08, -1.27559e-18, 0, -inf
0.09, -2.36186e-18, 0, -inf
0.1, -1.07416e-29, 0, -inf
0.2, -1.15706e-17, 0, -inf
0.3, -1.54882e-17, 0, -inf
0.4, -6.06898e-18, 0, -inf
0.5, -1.83265e-17, 0, -inf
0.6, 2.28056e-18, 0, inf
0.7, -1.19906e-17, 0, -inf
0.8, -2.26266e-17, 0, -inf
0.9, -2.45571e-17, 0, -inf
0.0001, 0, 0, -nan
0.0002, 0, 0, -nan
0.0003, 0, 0, -nan
0.0004, 0, 0, -nan
0.0005, 0, 0, -nan
0.0006, 0, 0, -nan
0.0007, 0, 0, -nan
0.0008, 0, 0, -nan
0.0009, 0, 0, -nan
0.001, 0, 0, -nan
0.002, 0, 0, -nan
0.003, 0, 0, -nan
0.004, 0, 0, -nan
0.005, 0, 0, -nan
0.006, 0, 0, -nan
0.007, 0, 0, -nan
0.008, 0, 0, -nan
0.009, 0, 0, -nan
0.01, 0, 0, -nan
0.02, 0, 0, -nan
0.03, 0, 0, -nan
0.04, 0, 0, -nan
0.05, 0, 0, -nan
0.06, 0, 0, -nan
0.07, 0, 0, -nan
0.08, 0, 0, -nan
0.09, 0, 0, -nan
0.1, 0, 0, -nan
0.2, 0, 0, -nan
0.3, 0, 0, -nan
0.4, 0, 0, -nan
0.5, 0, 0, -nan
0.6, 0, 0, -nan
0.7, 0, 0, -nan
0.8, 0, 0, -nan
0.9, 0, 0, -nan
