# mu value:
1.414214
# num_x_vals
36
# x, INITIALPDFS_SAL3, SAL, ratio, DeltaPDFs
0.0001, 1.14765, 5.14321, 0.223139, 8352.32
0.0002, 1.01547, 3.46353, 0.293189, 2784.2
0.0003, 0.945065, 2.74811, 0.343897, 1464.44
0.0004, 0.897903, 2.3317, 0.385085, 927.796
0.0005, 0.862819, 2.05258, 0.420358, 651.228
0.0006, 0.835077, 1.8495, 0.451514, 487.827
0.0007, 0.812225, 1.69337, 0.479652, 381.895
0.0008, 0.792873, 1.5688, 0.505402, 308.978
0.0009, 0.776128, 1.4665, 0.529239, 256.303
0.001, 0.761396, 1.38058, 0.551506, 216.796
0.002, 0.669876, 0.927195, 0.722476, 72.067
0.003, 0.620132, 0.733686, 0.845229, 37.8065
0.004, 0.586237, 0.62083, 0.94428, 23.894
0.005, 0.560635, 0.545031, 1.02863, 16.7345
0.006, 0.540107, 0.489774, 1.10277, 12.5115
0.007, 0.522978, 0.447209, 1.16943, 9.77871
0.008, 0.508295, 0.413185, 1.23019, 7.90149
0.009, 0.495442, 0.385191, 1.28623, 6.54848
0.01, 0.484011, 0.361634, 1.3384, 5.53625
0.02, 0.409643, 0.236297, 1.7336, 1.88021
0.03, 0.365917, 0.181862, 2.01206, 1.06137
0.04, 0.334284, 0.149627, 2.23412, 0.751299
0.05, 0.309202, 0.12768, 2.42169, 0.600735
0.06, 0.288262, 0.111487, 2.58561, 0.514145
0.07, 0.270189, 0.098881, 2.73247, 0.457378
0.08, 0.254242, 0.0887105, 2.86598, 0.416454
0.09, 0.23993, 0.0802748, 2.98886, 0.384711
0.1, 0.226949, 0.0731294, 3.10339, 0.358752
0.2, 0.137723, 0.0345977, 3.98071, 0.214304
0.3, 0.0853322, 0.018395, 4.63887, 0.139999
0.4, 0.0516668, 0.0098321, 5.25491, 0.091702
0.5, 0.0300184, 0.00501035, 5.99127, 0.05724
0.6, 0.0166661, 0.00231219, 7.20791, 0.0321128
0.7, 0.00904502, 0.000893502, 10.1231, 0.0148635
0.8, 0.00508335, 0.000245384, 20.7159, 0.00478203
0.9, 0.0028929, 2.85672e-05, 101.266, 0.000630067
0.0001, 0.0464466, 0.283756, 0.163685, 12.2499
0.0002, 0.0527201, 0.253999, 0.207561, 4.07697
0.0003, 0.0571949, 0.238077, 0.240237, 2.13994
0.0004, 0.060774, 0.227399, 0.267257, 1.35236
0.0005, 0.0637994, 0.219457, 0.290714, 0.946525
0.0006, 0.0664424, 0.213184, 0.311666, 0.706801
0.0007, 0.0688034, 0.208025, 0.330746, 0.551441
0.0008, 0.0709456, 0.203664, 0.348346, 0.444553
0.0009, 0.0729125, 0.199898, 0.364748, 0.367388
0.001, 0.0747355, 0.196593, 0.380153, 0.309565
0.002, 0.0883379, 0.176321, 0.501007, 0.0994754
0.003, 0.0977215, 0.165628, 0.590006, 0.0525502
0.004, 0.105088, 0.158566, 0.662741, 0.0360314
0.005, 0.111232, 0.153398, 0.725122, 0.0293325
0.006, 0.116543, 0.149385, 0.780151, 0.026407
0.007, 0.121243, 0.146142, 0.82963, 0.0250185
0.008, 0.125473, 0.143449, 0.874689, 0.0242865
0.009, 0.129328, 0.141167, 0.916133, 0.0238441
0.01, 0.132875, 0.139202, 0.954552, 0.0235341
0.02, 0.158524, 0.128267, 1.23589, 0.0215704
0.03, 0.175234, 0.123702, 1.41658, 0.0201238
0.04, 0.187648, 0.121382, 1.54593, 0.0192631
0.05, 0.197433, 0.120111, 1.64375, 0.0189371
0.06, 0.205406, 0.11939, 1.72047, 0.0190411
0.07, 0.212038, 0.118965, 1.78235, 0.0194674
0.08, 0.217621, 0.118699, 1.83339, 0.0201206
0.09, 0.222359, 0.118508, 1.87632, 0.020925
0.1, 0.226396, 0.11834, 1.9131, 0.0218232
0.2, 0.243495, 0.114496, 2.12667, 0.0307511
0.3, 0.238025, 0.106447, 2.23608, 0.0359703
0.4, 0.220736, 0.0973483, 2.26748, 0.037557
0.5, 0.195786, 0.0896619, 2.1836, 0.0362046
0.6, 0.165331, 0.0844964, 1.95666, 0.0324316
0.7, 0.130616, 0.0817073, 1.59859, 0.0266167
0.8, 0.0922839, 0.079757, 1.15706, 0.0190587
0.9, 0.0500739, 0.0744999, 0.672133, 0.0100302
0.0001, 0.0464487, 0.283905, 0.163607, 12.2499
0.0002, 0.0527246, 0.254295, 0.207336, 4.07697
0.0003, 0.0572019, 0.238521, 0.239819, 2.13994
0.0004, 0.0607834, 0.227991, 0.266604, 1.35236
0.0005, 0.0638113, 0.220197, 0.289791, 0.946525
0.0006, 0.0664568, 0.214072, 0.310441, 0.706801
0.0007, 0.0688205, 0.209061, 0.329189, 0.551441
0.0008, 0.0709652, 0.204847, 0.34643, 0.444553
0.0009, 0.0729348, 0.201229, 0.362447, 0.367388
0.001, 0.0747604, 0.198071, 0.377443, 0.309565
0.002, 0.0883898, 0.179264, 0.49307, 0.0994754
0.003, 0.0978009, 0.170026, 0.575211, 0.0525502
0.004, 0.105195, 0.164408, 0.639845, 0.0360314
0.005, 0.111368, 0.160672, 0.693138, 0.0293325
0.006, 0.116706, 0.158079, 0.738277, 0.026407
0.007, 0.121435, 0.156246, 0.777206, 0.0250185
0.008, 0.125693, 0.154952, 0.811175, 0.0242865
0.009, 0.129576, 0.154058, 0.841087, 0.0238441
0.01, 0.133151, 0.153469, 0.867611, 0.0235341
0.02, 0.159076, 0.155717, 1.02157, 0.0215704
0.03, 0.176049, 0.16332, 1.07794, 0.0201238
0.04, 0.188713, 0.172216, 1.0958, 0.0192631
0.05, 0.198736, 0.181272, 1.09635, 0.0189371
0.06, 0.206934, 0.190044, 1.08887, 0.0190411
0.07, 0.213779, 0.198336, 1.07786, 0.0194674
0.08, 0.219564, 0.206058, 1.06554, 0.0201206
0.09, 0.224494, 0.213177, 1.05309, 0.020925
0.1, 0.228714, 0.219686, 1.0411, 0.0218232
0.2, 0.247291, 0.256165, 0.965357, 0.0307511
0.3, 0.243139, 0.26029, 0.934109, 0.0359703
0.4, 0.227549, 0.253919, 0.896148, 0.037557
0.5, 0.205039, 0.249712, 0.821103, 0.0362046
0.6, 0.177906, 0.253343, 0.702234, 0.0324316
0.7, 0.147193, 0.264893, 0.555667, 0.0266167
0.8, 0.112609, 0.27861, 0.404182, 0.0190587
0.9, 0.0705349, 0.278168, 0.253569, 0.0100302
0.0001, 0.021822, 0.0851616, 0.256242, 12.2544
0.0002, 0.0227074, 0.0762688, 0.297729, 4.08194
0.0003, 0.0235016, 0.0715268, 0.328571, 2.14515
0.0004, 0.0242001, 0.0683579, 0.35402, 1.3577
0.0005, 0.0248238, 0.0660099, 0.376062, 0.951929
0.0006, 0.0253893, 0.0641625, 0.395704, 0.712224
0.0007, 0.0259083, 0.0626492, 0.413545, 0.556848
0.0008, 0.0263891, 0.0613753, 0.429963, 0.449915
0.0009, 0.026838, 0.06028, 0.445222, 0.372681
0.001, 0.0272599, 0.0593227, 0.459518, 0.314766
0.002, 0.0305466, 0.0535831, 0.570079, 0.102902
0.003, 0.0329199, 0.0507147, 0.649119, 0.0531178
0.004, 0.034827, 0.0489328, 0.71173, 0.0332172
0.005, 0.0364418, 0.0477167, 0.763713, 0.0232524
0.006, 0.0378529, 0.0468442, 0.80806, 0.0176122
0.007, 0.0391126, 0.0462001, 0.846591, 0.0141621
0.008, 0.040254, 0.0457187, 0.88047, 0.0119522
0.009, 0.0413001, 0.045358, 0.910537, 0.0104823
0.01, 0.0422676, 0.0450896, 0.937413, 0.00947318
0.02, 0.0493792, 0.0448852, 1.10012, 0.00658645
0.03, 0.0541055, 0.0463548, 1.16721, 0.00586147
0.04, 0.0576579, 0.0482758, 1.19434, 0.00546847
0.05, 0.0604813, 0.0503041, 1.20231, 0.00528792
0.06, 0.0627966, 0.052303, 1.20063, 0.00527274
0.07, 0.0647326, 0.0542093, 1.19412, 0.00538209
0.08, 0.0663701, 0.0559935, 1.18532, 0.00557913
0.09, 0.0677654, 0.0576418, 1.17563, 0.00583411
0.1, 0.0689592, 0.0591493, 1.16585, 0.00612458
0.2, 0.0741221, 0.0674049, 1.09965, 0.00902869
0.3, 0.0726786, 0.0678309, 1.07147, 0.0107072
0.4, 0.0678424, 0.0657376, 1.03202, 0.0112338
0.5, 0.0609074, 0.0642437, 0.948069, 0.0108499
0.6, 0.052538, 0.0647464, 0.811442, 0.00972637
0.7, 0.0430542, 0.0672556, 0.640157, 0.00798452
0.8, 0.0324281, 0.0703262, 0.46111, 0.0057176
0.9, 0.0197964, 0.0698726, 0.283321, 0.00300905
0.0001, 0.0112708, 1.31477e-07, 85724.4, 12.2563
0.0002, 0.00984928, 9.70047e-08, 101534, 4.08408
0.0003, 0.00906855, 8.05307e-08, 112610, 2.14741
0.0004, 0.0085349, 7.03011e-08, 121405, 1.36004
0.0005, 0.00813195, 6.31354e-08, 128802, 0.954325
0.0006, 0.00780964, 5.77491e-08, 135234, 0.71466
0.0007, 0.00754171, 5.35023e-08, 140961, 0.559311
0.0008, 0.0073131, 5.00442e-08, 146133, 0.452397
0.0009, 0.00711407, 4.71563e-08, 150861, 0.375176
0.001, 0.00693808, 4.46968e-08, 155225, 0.317269
0.002, 0.00583072, 3.12022e-08, 186869, 0.105297
0.003, 0.00522717, 2.52288e-08, 207191, 0.0552313
0.004, 0.00482233, 2.17413e-08, 221805, 0.0349537
0.005, 0.00452405, 1.94319e-08, 232815, 0.02455
0.006, 0.00429215, 1.7787e-08, 241308, 0.0184341
0.007, 0.0041053, 1.65566e-08, 247956, 0.0144909
0.008, 0.00395117, 1.56061e-08, 253181, 0.0117929
0.009, 0.00382173, 1.48533e-08, 257299, 0.00985615
0.01, 0.00371157, 1.42455e-08, 260542, 0.00841321
0.02, 0.00315441, 1.16827e-08, 270007, 0.00326659
0.03, 0.00300868, 1.12024e-08, 268575, 0.00209445
0.04, 0.00301358, 1.12339e-08, 268258, 0.0015992
0.05, 0.00309054, 1.14305e-08, 270375, 0.00131789
0.06, 0.00320596, 1.16862e-08, 274338, 0.00112962
0.07, 0.00334265, 1.19235e-08, 280342, 0.000990601
0.08, 0.00349123, 1.2226e-08, 285558, 0.000881771
0.09, 0.00364577, 1.23606e-08, 294951, 0.000793069
0.1, 0.00380341, 1.28837e-08, 295211, 0.000718672
0.2, 0.00532981, 1.50907e-08, 353184, 0.000324228
0.3, 0.00693081, 1.68861e-08, 410445, 0.000161705
0.4, 0.00913017, 2.10291e-08, 434169, 7.76752e-05
0.5, 0.0123558, 2.9135e-08, 424087, 3.28989e-05
0.6, 0.0167728, 4.39938e-08, 381255, 1.09935e-05
0.7, 0.022104, 5.79496e-08, 381435, 2.28264e-06
0.8, 0.0271009, 3.8224e-08, 709002, 6.04531e-08
0.9, 0.0272813, -9.03764e-08, -301864, 4.59735e-08
0.0001, -3.46945e-18, -4.01608e-31, 8.6389e+12, 1.77593e-15
0.0002, -1.68591e-18, -2.05366e-17, 0.082093, 3.45956e-16
0.0003, -4.65136e-18, -1.27411e-17, 0.365068, 2.42947e-16
0.0004, -4.09829e-18, -7.23561e-18, 0.566405, 1.30022e-16
0.0005, -2.65849e-18, -1.73951e-17, 0.15283, 9.78762e-17
0.0006, 3.49727e-18, -1.01457e-18, -3.44706, 2.73014e-17
0.0007, -6.69219e-18, -9.80296e-18, 0.68267, 2.79206e-17
0.0008, -5.55657e-18, -1.5709e-17, 0.35372, 3.82516e-17
0.0009, -6.26956e-18, -1.74524e-17, 0.359238, 4.03754e-17
0.001, -4.33681e-18, -3.34847e-31, 1.29516e+13, 1.5185e-17
0.002, -7.97391e-18, -1.55548e-17, 0.512634, 7.02266e-18
0.003, -5.72299e-18, -5.1828e-18, 1.10423, 7.58242e-18
0.004, -5.36696e-18, -6.61897e-18, 0.810845, 5.13337e-18
0.005, -5.25245e-18, -5.23644e-18, 1.00306, 4.48192e-18
0.006, -6.23931e-18, 1.61568e-18, -3.86173, 2.97447e-18
0.007, -5.41319e-18, -1.00663e-17, 0.537755, 5.01666e-18
0.008, -3.37324e-18, -8.78819e-18, 0.383838, 2.59137e-18
0.009, -6.40968e-18, -8.70199e-18, 0.736577, 5.85341e-18
0.01, -8.67362e-18, -5.20417e-18, 1.66667, 4.67089e-18
0.02, -1.00662e-17, -1.04634e-17, 0.962033, 7.27316e-18
0.03, -5.26924e-18, -6.7515e-18, 0.780455, 7.86998e-18
0.04, -7.43846e-18, 3.94974e-18, -1.88328, 9.38942e-18
0.05, -1.7392e-17, -8.69124e-18, 2.0011, 7.17925e-18
0.06, -1.99002e-17, 5.14407e-18, -3.86858, 5.84227e-18
0.07, -5.71054e-19, -9.72588e-18, 0.0587149, 9.76737e-18
0.08, -3.64458e-18, -1.31462e-17, 0.277234, 4.73808e-18
0.09, -7.09984e-18, -1.30125e-17, 0.545618, 4.07759e-18
0.1, -1.04083e-17, -5.20417e-18, 2, 8.84539e-18
0.2, -6.51981e-18, -1.72626e-17, 0.377685, 7.70331e-18
0.3, -6.54121e-18, -1.54913e-17, 0.42225, 1.27119e-17
0.4, -7.10079e-18, 1.35001e-18, -5.25979, 9.01901e-18
0.5, -1.01315e-17, -1.61134e-17, 0.628764, 1.86864e-18
0.6, -2.93933e-17, -2.10385e-17, 1.39712, 1.42387e-17
0.7, -6.68665e-18, -8.90364e-18, 0.751002, 4.25399e-18
0.8, -1.14862e-17, -1.60659e-17, 0.714941, 3.47815e-18
0.9, -2.70586e-19, -7.46595e-18, 0.0362426, 3.81279e-18
0.0001, 0, 0, -nan, 0
0.0002, 0, 0, -nan, 0
0.0003, 0, 0, -nan, 0
0.0004, 0, 0, -nan, 0
0.0005, 0, 0, -nan, 0
0.0006, 0, 0, -nan, 0
0.0007, 0, 0, -nan, 0
0.0008, 0, 0, -nan, 0
0.0009, 0, 0, -nan, 0
0.001, 0, 0, -nan, 0
0.002, 0, 0, -nan, 0
0.003, 0, 0, -nan, 0
0.004, 0, 0, -nan, 0
0.005, 0, 0, -nan, 0
0.006, 0, 0, -nan, 0
0.007, 0, 0, -nan, 0
0.008, 0, 0, -nan, 0
0.009, 0, 0, -nan, 0
0.01, 0, 0, -nan, 0
0.02, 0, 0, -nan, 0
0.03, 0, 0, -nan, 0
0.04, 0, 0, -nan, 0
0.05, 0, 0, -nan, 0
0.06, 0, 0, -nan, 0
0.07, 0, 0, -nan, 0
0.08, 0, 0, -nan, 0
0.09, 0, 0, -nan, 0
0.1, 0, 0, -nan, 0
0.2, 0, 0, -nan, 0
0.3, 0, 0, -nan, 0
0.4, 0, 0, -nan, 0
0.5, 0, 0, -nan, 0
0.6, 0, 0, -nan, 0
0.7, 0, 0, -nan, 0
0.8, 0, 0, -nan, 0
0.9, 0, 0, -nan, 0
