# mu value:
1.414214
# num_x_vals
36
# x, INITIALPDFS_SAL4VADIM, SAL, ratio, DeltaPDFs
0.0001, 2.28033, 5.14321, 0.443368, 184.979
0.0002, 1.96056, 3.46353, 0.566059, 84.5681
0.0003, 1.79427, 2.74811, 0.652911, 53.5113
0.0004, 1.68461, 2.3317, 0.722482, 38.6684
0.0005, 1.60402, 2.05258, 0.781463, 30.0597
0.0006, 1.54092, 1.8495, 0.833154, 24.4758
0.0007, 1.48938, 1.69337, 0.87954, 20.5689
0.0008, 1.44606, 1.5688, 0.921762, 17.6962
0.0009, 1.40882, 1.4665, 0.960667, 15.4988
0.001, 1.37625, 1.38058, 0.996864, 13.7655
0.002, 1.17835, 0.927195, 1.27088, 6.33847
0.003, 1.07434, 0.733686, 1.46431, 4.05641
0.004, 1.00506, 0.62083, 1.6189, 2.97485
0.005, 0.953654, 0.545031, 1.74972, 2.35359
0.006, 0.913027, 0.489774, 1.86418, 1.95482
0.007, 0.879542, 0.447209, 1.96674, 1.67886
0.008, 0.851144, 0.413185, 2.05996, 1.47816
0.009, 0.826523, 0.385191, 2.14575, 1.3263
0.01, 0.804809, 0.361634, 2.22548, 1.20775
0.02, 0.667814, 0.236297, 2.82617, 0.715516
0.03, 0.590568, 0.181862, 3.24734, 0.565528
0.04, 0.536042, 0.149627, 3.58253, 0.488952
0.05, 0.493525, 0.12768, 3.86532, 0.439672
0.06, 0.45846, 0.111487, 4.11223, 0.403738
0.07, 0.428475, 0.098881, 4.33324, 0.375471
0.08, 0.402215, 0.0887105, 4.53402, 0.35217
0.09, 0.378766, 0.0802748, 4.71837, 0.332306
0.1, 0.357651, 0.0731294, 4.89066, 0.314972
0.2, 0.214698, 0.0345977, 6.20556, 0.205843
0.3, 0.132046, 0.018395, 7.17833, 0.141248
0.4, 0.0793715, 0.0098321, 8.07269, 0.0937038
0.5, 0.0456331, 0.00501035, 9.10776, 0.0574781
0.6, 0.0248892, 0.00231219, 10.7643, 0.0311024
0.7, 0.012957, 0.000893502, 14.5014, 0.0137644
0.8, 0.00674938, 0.000245384, 27.5054, 0.00425607
0.9, 0.00350373, 2.85672e-05, 122.649, 0.000682074
0.0001, 0.0211848, 0.283756, 0.0746585, 0.362063
0.0002, 0.0206531, 0.253999, 0.0813117, 0.170468
0.0003, 0.0208678, 0.238077, 0.0876516, 0.113934
0.0004, 0.0212905, 0.227399, 0.0936264, 0.089053
0.0005, 0.0217901, 0.219457, 0.0992908, 0.0762171
0.0006, 0.0223194, 0.213184, 0.104695, 0.0690408
0.0007, 0.0228581, 0.208025, 0.109881, 0.0648371
0.0008, 0.0233966, 0.203664, 0.114878, 0.0623296
0.0009, 0.0239301, 0.199898, 0.119711, 0.0608328
0.001, 0.024456, 0.196593, 0.124399, 0.0599626
0.002, 0.0292247, 0.176321, 0.165748, 0.0609491
0.003, 0.0332695, 0.165628, 0.200869, 0.0641355
0.004, 0.036826, 0.158566, 0.232244, 0.066834
0.005, 0.0400337, 0.153398, 0.260979, 0.0690526
0.006, 0.0429766, 0.149385, 0.28769, 0.0709052
0.007, 0.04571, 0.146142, 0.312779, 0.0724804
0.008, 0.0482717, 0.143449, 0.336507, 0.0738393
0.009, 0.0506895, 0.141167, 0.359074, 0.075026
0.01, 0.0529843, 0.139202, 0.380629, 0.0760726
0.02, 0.0715824, 0.128267, 0.558072, 0.0822021
0.03, 0.0856858, 0.123702, 0.692677, 0.0846463
0.04, 0.0973044, 0.121382, 0.801638, 0.0855094
0.05, 0.107257, 0.120111, 0.892983, 0.0855026
0.06, 0.115978, 0.11939, 0.971424, 0.0849563
0.07, 0.123734, 0.118965, 1.04008, 0.0840536
0.08, 0.130698, 0.118699, 1.10108, 0.0829037
0.09, 0.136994, 0.118508, 1.15599, 0.08158
0.1, 0.142718, 0.11834, 1.206, 0.0801307
0.2, 0.178877, 0.114496, 1.5623, 0.0636675
0.3, 0.191617, 0.106447, 1.80011, 0.0491231
0.4, 0.190137, 0.0973483, 1.95316, 0.0386953
0.5, 0.1786, 0.0896619, 1.99193, 0.032266
0.6, 0.159477, 0.0844964, 1.88738, 0.0285704
0.7, 0.13437, 0.0817073, 1.64452, 0.026052
0.8, 0.104282, 0.079757, 1.3075, 0.0237949
0.9, 0.0691795, 0.0744999, 0.928585, 0.0219559
0.0001, 0.021197, 0.283905, 0.0746625, 0.36206
0.0002, 0.0206772, 0.254295, 0.0813118, 0.170461
0.0003, 0.0209038, 0.238521, 0.0876392, 0.11392
0.0004, 0.0213384, 0.227991, 0.093593, 0.089031
0.0005, 0.0218497, 0.220197, 0.099228, 0.0761864
0.0006, 0.0223909, 0.214072, 0.104595, 0.0690011
0.0007, 0.0229413, 0.209061, 0.109735, 0.0647884
0.0008, 0.0234916, 0.204847, 0.114679, 0.0622721
0.0009, 0.0240368, 0.201229, 0.11945, 0.0607666
0.001, 0.0245744, 0.198071, 0.124069, 0.059888
0.002, 0.0294599, 0.179264, 0.164338, 0.0607962
0.003, 0.0336207, 0.170026, 0.197738, 0.0639082
0.004, 0.0372925, 0.164408, 0.22683, 0.0665335
0.005, 0.0406148, 0.160672, 0.252781, 0.0686797
0.006, 0.0436717, 0.158079, 0.276264, 0.0704602
0.007, 0.0465185, 0.156246, 0.297726, 0.0719638
0.008, 0.049193, 0.154952, 0.317472, 0.0732516
0.009, 0.051723, 0.154058, 0.335738, 0.0743675
0.01, 0.0541294, 0.153469, 0.352706, 0.0753436
0.02, 0.0738131, 0.155717, 0.47402, 0.0807871
0.03, 0.0889496, 0.16332, 0.544635, 0.0825764
0.04, 0.101552, 0.172216, 0.589679, 0.0828136
0.05, 0.112443, 0.181272, 0.620299, 0.082209
0.06, 0.122057, 0.190044, 0.642257, 0.0810923
0.07, 0.130665, 0.198336, 0.658808, 0.0796457
0.08, 0.138442, 0.206058, 0.671861, 0.0779777
0.09, 0.145514, 0.213177, 0.6826, 0.0761621
0.1, 0.151981, 0.219686, 0.691812, 0.0742447
0.2, 0.194079, 0.256165, 0.757633, 0.0544197
0.3, 0.211269, 0.26029, 0.811666, 0.0390544
0.4, 0.214306, 0.253919, 0.843995, 0.0311661
0.5, 0.20868, 0.249712, 0.835682, 0.0310834
0.6, 0.197943, 0.253343, 0.781326, 0.0364336
0.7, 0.184313, 0.264893, 0.6958, 0.0450777
0.8, 0.168613, 0.27861, 0.605194, 0.0565393
0.9, 0.147756, 0.278168, 0.531176, 0.0707636
0.0001, 0.0178295, 0.0851616, 0.209361, 0.359919
0.0002, 0.0158917, 0.0762688, 0.208365, 0.165538
0.0003, 0.0150255, 0.0715268, 0.210068, 0.10574
0.0004, 0.0145359, 0.0683579, 0.212643, 0.0774255
0.0005, 0.0142311, 0.0660099, 0.21559, 0.06123
0.0006, 0.014033, 0.0641625, 0.21871, 0.0509202
0.0007, 0.0139025, 0.0626492, 0.22191, 0.0438768
0.0008, 0.013818, 0.0613753, 0.22514, 0.0388454
0.0009, 0.0137664, 0.06028, 0.228374, 0.0351248
0.001, 0.0137388, 0.0593227, 0.231594, 0.0323011
0.002, 0.014042, 0.0535831, 0.262061, 0.0225217
0.003, 0.0146669, 0.0507147, 0.289204, 0.0211595
0.004, 0.0153475, 0.0489328, 0.313644, 0.0211021
0.005, 0.0160285, 0.0477167, 0.335911, 0.021342
0.006, 0.0166941, 0.0468442, 0.356375, 0.0216494
0.007, 0.0173395, 0.0462001, 0.375313, 0.0219587
0.008, 0.0179639, 0.0457187, 0.392922, 0.0222498
0.009, 0.0185679, 0.045358, 0.409364, 0.0225172
0.01, 0.0191527, 0.0450896, 0.424769, 0.0227604
0.02, 0.0241821, 0.0448852, 0.538754, 0.0242327
0.03, 0.028225, 0.0463548, 0.608891, 0.0247626
0.04, 0.0316549, 0.0482758, 0.655709, 0.0248584
0.05, 0.0346503, 0.0503041, 0.688816, 0.0247121
0.06, 0.0373127, 0.052303, 0.713394, 0.0244159
0.07, 0.0397072, 0.0542093, 0.732479, 0.0240218
0.08, 0.0418778, 0.0559935, 0.747905, 0.023561
0.09, 0.0438559, 0.0576418, 0.760836, 0.0230552
0.1, 0.0456686, 0.0591493, 0.77209, 0.0225171
0.2, 0.0574846, 0.0674049, 0.852825, 0.0168456
0.3, 0.0621877, 0.0678309, 0.916805, 0.0123015
0.4, 0.0627297, 0.0657376, 0.954243, 0.00969422
0.5, 0.0606179, 0.0642437, 0.943562, 0.00912382
0.6, 0.0568254, 0.0647464, 0.877661, 0.0100676
0.7, 0.0519664, 0.0672556, 0.77267, 0.0119478
0.8, 0.0462957, 0.0703262, 0.6583, 0.0145729
0.9, 0.0390885, 0.0698726, 0.559425, 0.0179034
0.0001, 0.0163903, 1.31477e-07, 124663, 0.359466
0.0002, 0.0138491, 9.70047e-08, 142767, 0.164724
0.0003, 0.0125189, 8.05307e-08, 155454, 0.104522
0.0004, 0.0116376, 7.03011e-08, 165539, 0.0757659
0.0005, 0.0109875, 6.31354e-08, 174031, 0.0590978
0.0006, 0.0104772, 5.77491e-08, 181426, 0.0482927
0.0007, 0.0100594, 5.35023e-08, 188017, 0.0407376
0.0008, 0.0097075, 5.00442e-08, 193979, 0.0351857
0.0009, 0.00940462, 4.71563e-08, 199435, 0.0309414
0.001, 0.00913944, 4.46968e-08, 204476, 0.0275955
0.002, 0.00752592, 3.12022e-08, 241199, 0.0132864
0.003, 0.00668316, 2.52288e-08, 264902, 0.00889574
0.004, 0.00612995, 2.17413e-08, 281949, 0.00680509
0.005, 0.00572735, 1.94319e-08, 294739, 0.00559153
0.006, 0.00541644, 1.7787e-08, 304516, 0.00480041
0.007, 0.00516671, 1.65566e-08, 312064, 0.00424228
0.008, 0.00496079, 1.56061e-08, 317875, 0.00382712
0.009, 0.00478756, 1.48533e-08, 322324, 0.00350512
0.01, 0.00463959, 1.42455e-08, 325687, 0.00324715
0.02, 0.00385964, 1.16827e-08, 330372, 0.00204493
0.03, 0.00359797, 1.12024e-08, 321178, 0.00158701
0.04, 0.00352432, 1.12339e-08, 313722, 0.00132396
0.05, 0.00354186, 1.14305e-08, 309859, 0.00114526
0.06, 0.00360956, 1.16862e-08, 308875, 0.00101232
0.07, 0.00370649, 1.19235e-08, 310856, 0.000907515
0.08, 0.00382118, 1.2226e-08, 312546, 0.000821746
0.09, 0.00394582, 1.23606e-08, 319226, 0.000749479
0.1, 0.00407802, 1.28837e-08, 316525, 0.000687435
0.2, 0.00545331, 1.50907e-08, 361368, 0.000330919
0.3, 0.00698704, 1.68861e-08, 413775, 0.000166016
0.4, 0.0091546, 2.10291e-08, 435331, 7.77393e-05
0.5, 0.0123654, 2.9135e-08, 424417, 3.16177e-05
0.6, 0.0167762, 4.39938e-08, 381330, 1.00895e-05
0.7, 0.0221049, 5.79496e-08, 381450, 2.00698e-06
0.8, 0.027101, 3.8224e-08, 709005, 1.26338e-07
0.9, 0.0272813, -9.03764e-08, -301864, 3.86916e-08
0.0001, -1.30104e-18, -4.01608e-31, 3.23959e+12, 2.80792e-17
0.0002, -2.19486e-18, -2.05366e-17, 0.106876, 1.42378e-17
0.0003, -1.69804e-18, -1.27411e-17, 0.133273, 1.98908e-17
0.0004, -2.16507e-18, -7.23561e-18, 0.299224, 5.23718e-18
0.0005, -2.17164e-18, -1.73951e-17, 0.124842, 3.3006e-18
0.0006, -5.77172e-19, -1.01457e-18, 0.568886, 5.52677e-18
0.0007, -1.60637e-18, -9.80296e-18, 0.163866, 4.79087e-18
0.0008, -2.40886e-18, -1.5709e-17, 0.153343, 4.40642e-18
0.0009, -1.56063e-18, -1.74524e-17, 0.089422, 5.56601e-18
0.001, -2.1684e-18, -3.34847e-31, 6.4758e+12, 2.13012e-18
0.002, -1.35464e-18, -1.55548e-17, 0.0870886, 2.29489e-18
0.003, -9.64882e-19, -5.1828e-18, 0.18617, 1.61621e-18
0.004, -1.49283e-18, -6.61897e-18, 0.225538, 2.05087e-18
0.005, -3.06846e-18, -5.23644e-18, 0.585982, 9.36397e-19
0.006, -1.38439e-18, 1.61568e-18, -0.856851, 9.89042e-19
0.007, -1.13956e-18, -1.00663e-17, 0.113206, 2.78169e-18
0.008, -3.09327e-18, -8.78819e-18, 0.35198, 1.37835e-18
0.009, -2.39395e-18, -8.70199e-18, 0.275104, 5.34595e-18
0.01, -5.20417e-18, -5.20417e-18, 1, 5.05406e-18
0.02, -8.32283e-19, -1.04634e-17, 0.0795421, 7.93107e-18
0.03, -4.08342e-18, -6.7515e-18, 0.604817, 7.4781e-18
0.04, -8.64341e-18, 3.94974e-18, -2.18835, 8.97371e-18
0.05, -9.19577e-21, -8.69124e-18, 0.00105805, 7.63102e-18
0.06, -9.75419e-18, 5.14407e-18, -1.8962, 5.11272e-18
0.07, -3.88691e-18, -9.72588e-18, 0.399646, 8.61315e-18
0.08, -1.20505e-18, -1.31462e-17, 0.0916649, 5.94479e-18
0.09, -4.94884e-18, -1.30125e-17, 0.380315, 8.76795e-18
0.1, -1.04083e-17, -5.20417e-18, 2, 6.37378e-18
0.2, -9.17981e-18, -1.72626e-17, 0.531776, 1.2934e-17
0.3, -1.3716e-17, -1.54913e-17, 0.8854, 6.53713e-18
0.4, -8.13913e-18, 1.35001e-18, -6.02892, 6.66953e-18
0.5, -1.53199e-17, -1.61134e-17, 0.950755, 3.12377e-18
0.6, -6.25064e-18, -2.10385e-17, 0.297105, 1.27524e-17
0.7, -5.68287e-18, -8.90364e-18, 0.638264, 1.00985e-17
0.8, 6.75361e-18, -1.60659e-17, -0.420369, 1.42185e-17
0.9, -9.44375e-18, -7.46595e-18, 1.26491, 5.85114e-18
0.0001, 0, 0, -nan, 0
0.0002, 0, 0, -nan, 0
0.0003, 0, 0, -nan, 0
0.0004, 0, 0, -nan, 0
0.0005, 0, 0, -nan, 0
0.0006, 0, 0, -nan, 0
0.0007, 0, 0, -nan, 0
0.0008, 0, 0, -nan, 0
0.0009, 0, 0, -nan, 0
0.001, 0, 0, -nan, 0
0.002, 0, 0, -nan, 0
0.003, 0, 0, -nan, 0
0.004, 0, 0, -nan, 0
0.005, 0, 0, -nan, 0
0.006, 0, 0, -nan, 0
0.007, 0, 0, -nan, 0
0.008, 0, 0, -nan, 0
0.009, 0, 0, -nan, 0
0.01, 0, 0, -nan, 0
0.02, 0, 0, -nan, 0
0.03, 0, 0, -nan, 0
0.04, 0, 0, -nan, 0
0.05, 0, 0, -nan, 0
0.06, 0, 0, -nan, 0
0.07, 0, 0, -nan, 0
0.08, 0, 0, -nan, 0
0.09, 0, 0, -nan, 0
0.1, 0, 0, -nan, 0
0.2, 0, 0, -nan, 0
0.3, 0, 0, -nan, 0
0.4, 0, 0, -nan, 0
0.5, 0, 0, -nan, 0
0.6, 0, 0, -nan, 0
0.7, 0, 0, -nan, 0
0.8, 0, 0, -nan, 0
0.9, 0, 0, -nan, 0
