# mu value:
3.162278
# num_x_vals
36
# x, INITIALPDFS_SAL4, SAL, ratio, DeltaPDFs
0.0001, 7.31035, 9.23508, 0.791585, 154.524
0.0002, 6.08617, 6.67945, 0.911178, 70.8102
0.0003, 5.45854, 5.55466, 0.982697, 44.9196
0.0004, 5.04865, 4.88452, 1.0336, 32.5471
0.0005, 4.74962, 4.42681, 1.07292, 25.3719
0.0006, 4.51695, 4.08848, 1.1048, 20.7183
0.0007, 4.32791, 3.82475, 1.13155, 17.4628
0.0008, 4.16973, 3.61173, 1.1545, 15.0691
0.0009, 4.03435, 3.43484, 1.17454, 13.2383
0.001, 3.9164, 3.28474, 1.1923, 11.7943
0.002, 3.21004, 2.46242, 1.30361, 5.60547
0.003, 2.84727, 2.0891, 1.36291, 3.69851
0.004, 2.60968, 1.86177, 1.40171, 2.78867
0.005, 2.4358, 1.70376, 1.42966, 2.2606
0.006, 2.30005, 1.58518, 1.45097, 1.917
0.007, 2.18938, 1.49153, 1.46788, 1.67538
0.008, 2.09647, 1.41496, 1.48164, 1.49645
0.009, 2.01667, 1.35067, 1.49308, 1.35838
0.01, 1.9469, 1.29556, 1.50275, 1.24838
0.02, 1.52259, 0.9812, 1.55176, 0.749654
0.03, 1.29807, 0.828042, 1.56764, 0.570657
0.04, 1.14737, 0.729622, 1.57255, 0.472331
0.05, 1.03478, 0.658101, 1.57237, 0.407844
0.06, 0.945345, 0.602372, 1.56937, 0.361231
0.07, 0.871397, 0.556945, 1.5646, 0.325354
0.08, 0.808545, 0.518734, 1.55869, 0.29658
0.09, 0.753966, 0.485779, 1.55208, 0.272762
0.1, 0.706642, 0.457974, 1.54297, 0.252581
0.2, 0.41126, 0.28396, 1.4483, 0.139518
0.3, 0.260742, 0.194264, 1.3422, 0.0841968
0.4, 0.171627, 0.139534, 1.23001, 0.0496368
0.5, 0.116019, 0.103195, 1.12427, 0.0274735
0.6, 0.0801059, 0.0773507, 1.03562, 0.0142385
0.7, 0.055539, 0.0567265, 0.979066, 0.00715795
0.8, 0.0363926, 0.0381968, 0.952766, 0.00366332
0.9, 0.0185417, 0.0194903, 0.951331, 0.0014896
0.0001, 0.22237, 0.483657, 0.459768, 2.54819
0.0002, 0.18705, 0.398839, 0.468986, 1.17319
0.0003, 0.169497, 0.358487, 0.472811, 0.748669
0.0004, 0.158351, 0.33317, 0.475286, 0.546352
0.0005, 0.150436, 0.315186, 0.477292, 0.42947
0.0006, 0.144434, 0.301461, 0.479114, 0.35404
0.0007, 0.13968, 0.290476, 0.480866, 0.301596
0.0008, 0.1358, 0.281395, 0.482595, 0.263322
0.0009, 0.13256, 0.273701, 0.484324, 0.234298
0.001, 0.129805, 0.267055, 0.486062, 0.211631
0.002, 0.115112, 0.22835, 0.504105, 0.119937
0.003, 0.109336, 0.209218, 0.522597, 0.0967182
0.004, 0.106557, 0.197005, 0.540883, 0.0880035
0.005, 0.105188, 0.188261, 0.558734, 0.0841253
0.006, 0.104601, 0.181574, 0.576079, 0.0822465
0.007, 0.104488, 0.176229, 0.592909, 0.0813065
0.008, 0.104683, 0.171828, 0.609232, 0.0808514
0.009, 0.105088, 0.168122, 0.625067, 0.0806586
0.01, 0.105637, 0.164945, 0.640438, 0.0806123
0.02, 0.113944, 0.147373, 0.773172, 0.0815494
0.03, 0.122799, 0.139851, 0.878068, 0.081734
0.04, 0.130908, 0.135766, 0.964218, 0.0811237
0.05, 0.13819, 0.133277, 1.03686, 0.0800198
0.06, 0.144717, 0.131637, 1.09937, 0.078607
0.07, 0.150578, 0.130476, 1.15407, 0.0769982
0.08, 0.155849, 0.129595, 1.20259, 0.0752638
0.09, 0.160592, 0.128868, 1.24618, 0.0734533
0.1, 0.164886, 0.128255, 1.28561, 0.0715912
0.2, 0.189572, 0.121953, 1.55447, 0.0536818
0.3, 0.194247, 0.114454, 1.69716, 0.04003
0.4, 0.188413, 0.108696, 1.7334, 0.031118
0.5, 0.176841, 0.106605, 1.65885, 0.0258439
0.6, 0.162149, 0.108366, 1.49631, 0.0225527
0.7, 0.145209, 0.112082, 1.29557, 0.0198757
0.8, 0.1246, 0.113057, 1.10209, 0.0171441
0.9, 0.0927403, 0.0990309, 0.936479, 0.0140196
0.0001, 0.222445, 0.48409, 0.459512, 2.54818
0.0002, 0.187191, 0.399631, 0.468409, 1.17318
0.0003, 0.1697, 0.359615, 0.471894, 0.748652
0.0004, 0.158616, 0.334621, 0.474018, 0.546329
0.0005, 0.15076, 0.316949, 0.475662, 0.42944
0.0006, 0.144818, 0.303529, 0.477114, 0.354002
0.0007, 0.140122, 0.292843, 0.478489, 0.30155
0.0008, 0.1363, 0.284056, 0.479834, 0.263267
0.0009, 0.133117, 0.276651, 0.481172, 0.234234
0.001, 0.130419, 0.27029, 0.482514, 0.211557
0.002, 0.116274, 0.234288, 0.496285, 0.119745
0.003, 0.111024, 0.217681, 0.510032, 0.0963955
0.004, 0.108756, 0.207878, 0.523172, 0.0875539
0.005, 0.107889, 0.201458, 0.535538, 0.0835549
0.006, 0.107794, 0.197024, 0.547109, 0.0815608
0.007, 0.108164, 0.193872, 0.557917, 0.0805099
0.008, 0.108837, 0.191612, 0.568007, 0.0799474
0.009, 0.109712, 0.189999, 0.577434, 0.0796502
0.01, 0.110727, 0.188873, 0.58625, 0.0795021
0.02, 0.123421, 0.189976, 0.649667, 0.0795109
0.03, 0.136292, 0.198658, 0.686065, 0.0788734
0.04, 0.148123, 0.208915, 0.709011, 0.0775142
0.05, 0.158877, 0.219238, 0.72468, 0.0757209
0.06, 0.168658, 0.229099, 0.736179, 0.0736696
0.07, 0.177576, 0.238293, 0.745201, 0.071468
0.08, 0.18573, 0.246752, 0.752698, 0.0691825
0.09, 0.193194, 0.254454, 0.759248, 0.0668616
0.1, 0.200082, 0.261483, 0.765181, 0.0645174
0.2, 0.245413, 0.301154, 0.814907, 0.0436238
0.3, 0.267173, 0.312658, 0.854522, 0.0304692
0.4, 0.280876, 0.321608, 0.873349, 0.0263482
0.5, 0.294672, 0.339884, 0.866978, 0.0289062
0.6, 0.311965, 0.369949, 0.843265, 0.0342998
0.7, 0.330675, 0.405019, 0.816442, 0.0402599
0.8, 0.339627, 0.426594, 0.796136, 0.0455883
0.9, 0.301461, 0.385461, 0.782079, 0.0474315
0.0001, 0.21821, 0.292691, 0.74553, 2.54705
0.0002, 0.181177, 0.227955, 0.794791, 1.17131
0.0003, 0.162315, 0.198368, 0.818253, 0.746025
0.0004, 0.150071, 0.180285, 0.832411, 0.542904
0.0005, 0.141191, 0.167691, 0.841972, 0.425184
0.0006, 0.134321, 0.158233, 0.848879, 0.348886
0.0007, 0.12877, 0.150764, 0.854115, 0.295552
0.0008, 0.12415, 0.144662, 0.858209, 0.25637
0.0009, 0.120218, 0.139545, 0.861495, 0.226426
0.001, 0.116809, 0.135167, 0.864188, 0.202829
0.002, 0.0968981, 0.110518, 0.876763, 0.102143
0.003, 0.0871883, 0.098978, 0.880886, 0.0715077
0.004, 0.0811395, 0.0919041, 0.882871, 0.0571046
0.005, 0.0769275, 0.0870166, 0.884056, 0.0488808
0.006, 0.0737996, 0.0834017, 0.88487, 0.043624
0.007, 0.0713748, 0.0806055, 0.885484, 0.0399968
0.008, 0.069441, 0.0783783, 0.885973, 0.0373627
0.009, 0.0678647, 0.0765644, 0.886374, 0.0353705
0.01, 0.0665584, 0.0750623, 0.886709, 0.0338151
0.02, 0.0605242, 0.0681729, 0.887804, 0.0272875
0.03, 0.0591818, 0.0667487, 0.886635, 0.0251553
0.04, 0.0592691, 0.0669938, 0.884695, 0.023905
0.05, 0.0599416, 0.067901, 0.882778, 0.0229435
0.06, 0.0608765, 0.0690782, 0.88127, 0.0221029
0.07, 0.0619246, 0.0703423, 0.880333, 0.0213228
0.08, 0.0630107, 0.0716022, 0.88001, 0.0205788
0.09, 0.0640876, 0.0728014, 0.880307, 0.0198621
0.1, 0.0651539, 0.0739449, 0.881114, 0.0191593
0.2, 0.0729727, 0.0803317, 0.908392, 0.0132322
0.3, 0.0767226, 0.0815685, 0.940591, 0.00943977
0.4, 0.0788007, 0.0828226, 0.951439, 0.00791403
0.5, 0.0808978, 0.0867091, 0.932979, 0.00813841
0.6, 0.0837761, 0.0937048, 0.894042, 0.00920925
0.7, 0.0869167, 0.102052, 0.851692, 0.0104985
0.8, 0.0875787, 0.107101, 0.817721, 0.0116587
0.9, 0.0765253, 0.0965447, 0.792641, 0.0119686
0.0001, 0.216466, 0.210757, 1.02709, 2.54664
0.0002, 0.178735, 0.154558, 1.15642, 1.17072
0.0003, 0.159348, 0.129521, 1.23029, 0.745278
0.0004, 0.146669, 0.114479, 1.28119, 0.542012
0.0005, 0.137411, 0.104139, 1.3195, 0.424156
0.0006, 0.130204, 0.0964559, 1.34988, 0.347726
0.0007, 0.124346, 0.0904409, 1.37489, 0.294263
0.0008, 0.119444, 0.0855646, 1.39596, 0.254955
0.0009, 0.115249, 0.0815026, 1.41406, 0.224887
0.001, 0.111596, 0.0780468, 1.42986, 0.201169
0.002, 0.0897886, 0.0589777, 1.52242, 0.0993492
0.003, 0.0787274, 0.0502966, 1.56526, 0.0677067
0.004, 0.0716075, 0.0450613, 1.58911, 0.0524042
0.005, 0.066503, 0.0414858, 1.60303, 0.0433759
0.006, 0.0626088, 0.0388658, 1.6109, 0.0373966
0.007, 0.0595127, 0.0368553, 1.61476, 0.0331166
0.008, 0.0569825, 0.0352661, 1.61578, 0.0298908
0.009, 0.0548707, 0.0339816, 1.61472, 0.0273598
0.01, 0.0530795, 0.032926, 1.61208, 0.0253114
0.02, 0.0438688, 0.0283293, 1.54853, 0.0155038
0.03, 0.0409118, 0.0277713, 1.47317, 0.0116958
0.04, 0.0401337, 0.0285036, 1.40802, 0.00952727
0.05, 0.0403831, 0.0297939, 1.35542, 0.00807676
0.06, 0.0411856, 0.0313517, 1.31366, 0.00701549
0.07, 0.0423046, 0.0330376, 1.2805, 0.00619229
0.08, 0.0436123, 0.0347792, 1.25397, 0.00552877
0.09, 0.0450248, 0.0365275, 1.23263, 0.00497797
0.1, 0.0465221, 0.0382892, 1.21502, 0.00451118
0.2, 0.0618394, 0.0542505, 1.13989, 0.00196818
0.3, 0.078219, 0.0696914, 1.12236, 0.000910315
0.4, 0.0995245, 0.0891178, 1.11677, 0.000397135
0.5, 0.128543, 0.115493, 1.11299, 0.000154032
0.6, 0.165321, 0.149233, 1.10781, 5.11838e-05
0.7, 0.206014, 0.18718, 1.10062, 1.48962e-05
0.8, 0.238294, 0.218543, 1.09038, 3.70623e-06
0.9, 0.225833, 0.210512, 1.07278, 1.6448e-07
0.0001, -1.73472e-17, -3.46945e-17, 0.5, 2.01557e-17
0.0002, 6.33459e-18, -1.43228e-17, -0.442274, 6.09029e-17
0.0003, -2.10742e-17, -3.4043e-18, 6.19046, 2.67915e-17
0.0004, -1.6879e-17, -2.26604e-17, 0.744865, 4.38046e-17
0.0005, -1.04083e-17, -1.04833e-17, 0.992853, 7.3007e-17
0.0006, -1.122e-17, -3.22455e-17, 0.347957, 3.009e-17
0.0007, -6.78585e-18, -1.16636e-17, 0.581799, 3.52156e-17
0.0008, -9.71218e-18, -8.96465e-18, 1.08339, 2.81729e-17
0.0009, -3.54701e-18, -1.41338e-17, 0.250959, 5.71897e-18
0.001, -3.46945e-18, -8.56763e-31, 4.04948e+12, 9.34177e-18
0.002, -1.38092e-17, -6.98277e-18, 1.97761, 1.25206e-17
0.003, -1.80561e-17, -1.07864e-17, 1.67397, 7.7431e-18
0.004, -2.67453e-18, -3.73946e-18, 0.715218, 5.65889e-18
0.005, -9.93639e-20, -1.40016e-17, 0.00709662, 8.09009e-18
0.006, -3.3402e-18, -1.30105e-18, 2.56731, 4.42345e-18
0.007, -6.95718e-18, -1.37658e-17, 0.505395, 1.18417e-17
0.008, -4.90473e-18, -1.17012e-17, 0.419166, 7.32449e-18
0.009, -4.06618e-18, -2.04994e-17, 0.198356, 3.13838e-18
0.01, -5.20417e-18, -1.38778e-17, 0.375, 9.0659e-18
0.02, 3.25794e-18, -1.22173e-17, -0.266666, 7.09386e-18
0.03, -2.07902e-18, -1.08096e-17, 0.192331, 2.27271e-18
0.04, -1.50204e-17, -5.59435e-18, 2.68492, 6.98334e-18
0.05, -1.37075e-17, -1.54822e-17, 0.885374, 5.07817e-18
0.06, -1.2852e-17, -1.22461e-17, 1.04948, 5.0164e-18
0.07, -1.23138e-17, -1.44466e-17, 0.852367, 9.36633e-18
0.08, -9.23248e-18, -2.93112e-18, 3.14981, 3.80022e-18
0.09, -9.43341e-18, -1.01741e-17, 0.9272, 7.34158e-18
0.1, -3.46945e-18, -2.08167e-17, 0.166667, 6.13317e-18
0.2, -3.25494e-18, -8.4153e-18, 0.386789, 9.83207e-18
0.3, -2.05743e-17, -1.3716e-17, 1.50002, 7.84054e-18
0.4, -1.59173e-17, -1.37465e-17, 1.15791, 9.1515e-18
0.5, -2.85205e-17, -2.0344e-17, 1.40191, 8.81743e-18
0.6, -2.67999e-17, -2.38953e-17, 1.12155, 5.37861e-17
0.7, -2.98545e-17, -2.67466e-17, 1.1162, 7.57532e-18
0.8, -2.05862e-18, -1.68065e-17, 0.122489, 2.0041e-17
0.9, -8.02901e-18, -2.57188e-17, 0.312185, 1.01736e-17
0.0001, 0, 0, -nan, 0
0.0002, 0, 0, -nan, 0
0.0003, 0, 0, -nan, 0
0.0004, 0, 0, -nan, 0
0.0005, 0, 0, -nan, 0
0.0006, 0, 0, -nan, 0
0.0007, 0, 0, -nan, 0
0.0008, 0, 0, -nan, 0
0.0009, 0, 0, -nan, 0
0.001, 0, 0, -nan, 0
0.002, 0, 0, -nan, 0
0.003, 0, 0, -nan, 0
0.004, 0, 0, -nan, 0
0.005, 0, 0, -nan, 0
0.006, 0, 0, -nan, 0
0.007, 0, 0, -nan, 0
0.008, 0, 0, -nan, 0
0.009, 0, 0, -nan, 0
0.01, 0, 0, -nan, 0
0.02, 0, 0, -nan, 0
0.03, 0, 0, -nan, 0
0.04, 0, 0, -nan, 0
0.05, 0, 0, -nan, 0
0.06, 0, 0, -nan, 0
0.07, 0, 0, -nan, 0
0.08, 0, 0, -nan, 0
0.09, 0, 0, -nan, 0
0.1, 0, 0, -nan, 0
0.2, 0, 0, -nan, 0
0.3, 0, 0, -nan, 0
0.4, 0, 0, -nan, 0
0.5, 0, 0, -nan, 0
0.6, 0, 0, -nan, 0
0.7, 0, 0, -nan, 0
0.8, 0, 0, -nan, 0
0.9, 0, 0, -nan, 0
