# mu value:
1.414214
# num_x_vals
36
# x, INITIALPDFS_SAL3, SAL, ratio, DeltaPDFs
0.0001, 6.10215, 5.14321, 1.18645, 2.36238e+07
0.0002, 4.68542, 3.46353, 1.35279, 4.26181e+06
0.0003, 4.01475, 2.74811, 1.46091, 1.5661e+06
0.0004, 3.59775, 2.3317, 1.54297, 768605
0.0005, 3.30428, 2.05258, 1.60981, 442684
0.0006, 3.08231, 1.8495, 1.66656, 282320
0.0007, 2.90609, 1.69337, 1.71616, 192716
0.0008, 2.76155, 1.5688, 1.7603, 138529
0.0009, 2.63995, 1.4665, 1.80017, 103534
0.001, 2.5356, 1.38058, 1.83663, 79750.7
0.002, 1.94267, 0.927195, 2.09521, 14347.5
0.003, 1.65999, 0.733686, 2.26253, 5257.76
0.004, 1.48314, 0.62083, 2.38897, 2573.22
0.005, 1.35796, 0.545031, 2.49153, 1477.95
0.006, 1.26277, 0.489775, 2.57826, 939.948
0.007, 1.1868, 0.447209, 2.6538, 639.834
0.008, 1.12419, 0.413185, 2.72079, 458.65
0.009, 1.07126, 0.385191, 2.78111, 341.831
0.01, 1.02563, 0.361634, 2.83608, 262.571
0.02, 0.761103, 0.236297, 3.22096, 45.9356
0.03, 0.630135, 0.181862, 3.46491, 16.3784
0.04, 0.545618, 0.149627, 3.64653, 7.81162
0.05, 0.484189, 0.12768, 3.7922, 4.38742
0.06, 0.436392, 0.111487, 3.91429, 2.74395
0.07, 0.397493, 0.098881, 4.01991, 1.85112
0.08, 0.364872, 0.0887105, 4.11307, 1.32846
0.09, 0.336872, 0.0802748, 4.19648, 1.00286
0.1, 0.312447, 0.0731293, 4.27252, 0.790213
0.2, 0.166269, 0.0345977, 4.80578, 0.263295
0.3, 0.0948747, 0.018395, 5.15764, 0.186752
0.4, 0.0535725, 0.00983206, 5.44876, 0.152376
0.5, 0.0287193, 0.00501027, 5.73208, 0.117531
0.6, 0.0140271, 0.00231206, 6.06693, 0.0782222
0.7, 0.0058557, 0.000893351, 6.55476, 0.041459
0.8, 0.00185552, 0.000245301, 7.56429, 0.0149175
0.9, 0.000330068, 2.86758e-05, 11.5103, 0.00217811
0.0001, 0.0533467, 0.283756, 0.188002, 20642.4
0.0002, 0.0587694, 0.253999, 0.231377, 3723.59
0.0003, 0.0629508, 0.238077, 0.264414, 1368.18
0.0004, 0.0663857, 0.227399, 0.291935, 671.401
0.0005, 0.0693261, 0.219457, 0.315898, 386.659
0.0006, 0.0719126, 0.213184, 0.337326, 246.564
0.0007, 0.0742322, 0.208025, 0.356843, 168.291
0.0008, 0.0763416, 0.203664, 0.374841, 120.959
0.0009, 0.078281, 0.199898, 0.391604, 90.393
0.001, 0.0800796, 0.196593, 0.407337, 69.6206
0.002, 0.0934816, 0.176321, 0.53018, 12.5109
0.003, 0.102665, 0.165628, 0.619853, 4.57923
0.004, 0.109825, 0.158566, 0.692613, 2.2385
0.005, 0.115761, 0.153398, 0.754641, 1.2844
0.006, 0.120864, 0.149385, 0.809075, 0.816316
0.007, 0.12536, 0.146142, 0.857797, 0.555648
0.008, 0.129389, 0.143449, 0.901984, 0.398655
0.009, 0.133047, 0.141167, 0.942475, 0.297769
0.01, 0.136401, 0.139202, 0.979881, 0.229631
0.02, 0.160328, 0.128267, 1.24995, 0.0510594
0.03, 0.175604, 0.123702, 1.41957, 0.0335183
0.04, 0.186786, 0.121382, 1.53883, 0.0307411
0.05, 0.195489, 0.120111, 1.62757, 0.0308195
0.06, 0.202497, 0.11939, 1.69609, 0.0318763
0.07, 0.208258, 0.118965, 1.75058, 0.0333741
0.08, 0.213051, 0.118699, 1.79489, 0.0350799
0.09, 0.217068, 0.118508, 1.83168, 0.0368696
0.1, 0.220443, 0.11834, 1.8628, 0.0386725
0.2, 0.23313, 0.114496, 2.03614, 0.0531378
0.3, 0.225634, 0.106447, 2.11968, 0.0601726
0.4, 0.207665, 0.0973483, 2.13322, 0.0614862
0.5, 0.182935, 0.0896619, 2.04028, 0.0584017
0.6, 0.153408, 0.0844964, 1.81555, 0.051769
0.7, 0.120321, 0.0817072, 1.47258, 0.042174
0.8, 0.084576, 0.079757, 1.06042, 0.0300597
0.9, 0.0469413, 0.0745, 0.630085, 0.0158087
0.0001, 0.0533495, 0.283905, 0.187913, 20642.4
0.0002, 0.058775, 0.254295, 0.231129, 3723.59
0.0003, 0.0629591, 0.238521, 0.263956, 1368.18
0.0004, 0.0663968, 0.227991, 0.291225, 671.401
0.0005, 0.0693401, 0.220197, 0.3149, 386.659
0.0006, 0.0719293, 0.214072, 0.336005, 246.564
0.0007, 0.0742517, 0.209061, 0.355168, 168.291
0.0008, 0.0763638, 0.204847, 0.372785, 120.959
0.0009, 0.0783059, 0.201229, 0.389139, 90.393
0.001, 0.0801073, 0.198071, 0.404438, 69.6206
0.002, 0.0935367, 0.179264, 0.521781, 12.5109
0.003, 0.102747, 0.170026, 0.604302, 4.57923
0.004, 0.109934, 0.164408, 0.668668, 2.2385
0.005, 0.115897, 0.160672, 0.721326, 1.2844
0.006, 0.121027, 0.158079, 0.765607, 0.816316
0.007, 0.125549, 0.156246, 0.803538, 0.555648
0.008, 0.129605, 0.154952, 0.83642, 0.398655
0.009, 0.133289, 0.154058, 0.865189, 0.297769
0.01, 0.13667, 0.153469, 0.890537, 0.229631
0.02, 0.160853, 0.155717, 1.03298, 0.0510594
0.03, 0.176374, 0.16332, 1.07993, 0.0335183
0.04, 0.187791, 0.172216, 1.09044, 0.0307411
0.05, 0.196718, 0.181272, 1.08521, 0.0308195
0.06, 0.203941, 0.190044, 1.07312, 0.0318763
0.07, 0.209909, 0.198336, 1.05835, 0.0333741
0.08, 0.2149, 0.206058, 1.04291, 0.0350799
0.09, 0.219105, 0.213177, 1.02781, 0.0368696
0.1, 0.222662, 0.219686, 1.01355, 0.0386725
0.2, 0.236799, 0.256165, 0.924399, 0.0531378
0.3, 0.230324, 0.26029, 0.884872, 0.0601726
0.4, 0.21327, 0.253919, 0.839913, 0.0614862
0.5, 0.189669, 0.249712, 0.759551, 0.0584017
0.6, 0.161801, 0.253343, 0.638665, 0.051769
0.7, 0.131204, 0.264893, 0.49531, 0.042174
0.8, 0.0990745, 0.27861, 0.355602, 0.0300597
0.9, 0.0664193, 0.278168, 0.238774, 0.0158087
0.0001, 0.0240819, 0.0851616, 0.282779, 20642.4
0.0002, 0.0238216, 0.0762688, 0.312337, 3723.59
0.0003, 0.024182, 0.0715268, 0.338082, 1368.18
0.0004, 0.0246563, 0.0683579, 0.360694, 671.403
0.0005, 0.0251468, 0.0660099, 0.380955, 386.66
0.0006, 0.0256265, 0.0641625, 0.3994, 246.566
0.0007, 0.0260871, 0.0626492, 0.416399, 168.293
0.0008, 0.0265268, 0.0613753, 0.432207, 120.961
0.0009, 0.0269462, 0.06028, 0.447017, 90.3948
0.001, 0.0273463, 0.0593227, 0.460975, 69.6224
0.002, 0.0305745, 0.0535831, 0.570601, 12.5124
0.003, 0.0329525, 0.0507147, 0.649763, 4.58037
0.004, 0.0348656, 0.0489328, 0.712519, 2.23927
0.005, 0.0364811, 0.0477167, 0.764535, 1.28477
0.006, 0.0378873, 0.0468442, 0.808794, 0.816256
0.007, 0.0391375, 0.0462001, 0.847131, 0.555105
0.008, 0.0402657, 0.0457187, 0.880727, 0.397583
0.009, 0.0412958, 0.045358, 0.910441, 0.296121
0.01, 0.0422448, 0.0450896, 0.936908, 0.227358
0.02, 0.0491125, 0.0448852, 1.09418, 0.0407922
0.03, 0.0535692, 0.0463548, 1.15564, 0.0169025
0.04, 0.0568612, 0.0482758, 1.17784, 0.0112156
0.05, 0.0594405, 0.0503041, 1.18162, 0.00973733
0.06, 0.0615287, 0.052303, 1.17639, 0.00952319
0.07, 0.0632539, 0.0542093, 1.16685, 0.00976253
0.08, 0.0646958, 0.0559935, 1.15542, 0.0101892
0.09, 0.0659095, 0.0576418, 1.14343, 0.0106951
0.1, 0.0669342, 0.0591493, 1.13161, 0.0112305
0.2, 0.070915, 0.0674049, 1.05207, 0.0157245
0.3, 0.0688403, 0.0678309, 1.01488, 0.0179388
0.4, 0.0636329, 0.0657376, 0.967983, 0.0183884
0.5, 0.0564628, 0.0642436, 0.878885, 0.0174933
0.6, 0.0479849, 0.0647464, 0.741121, 0.0155195
0.7, 0.038637, 0.0672556, 0.57448, 0.0126486
0.8, 0.028756, 0.0703262, 0.408895, 0.00901719
0.9, 0.0186273, 0.0698726, 0.266589, 0.00474258
0.0001, 0.0115427, 1.29096e-07, 89411.2, 20642.4
0.0002, 0.00884949, 9.77822e-08, 90502.1, 3723.59
0.0003, 0.00757515, 8.25362e-08, 91779.7, 1368.18
0.0004, 0.00678342, 7.29189e-08, 93027, 671.404
0.0005, 0.00622677, 6.60915e-08, 94214.3, 386.661
0.0006, 0.00580624, 6.08996e-08, 95341.1, 246.567
0.0007, 0.00547285, 5.67642e-08, 96413.6, 168.294
0.0008, 0.00519981, 5.33657e-08, 97437.3, 120.962
0.0009, 0.00497048, 5.05038e-08, 98418, 90.3956
0.001, 0.00477405, 4.80476e-08, 99360.8, 69.6232
0.002, 0.00366945, 3.4176e-08, 107369, 12.513
0.003, 0.003158, 2.77301e-08, 113883, 4.58091
0.004, 0.00284951, 2.38251e-08, 119601, 2.2397
0.005, 0.00264034, 2.11541e-08, 124815, 1.28509
0.006, 0.00248894, 1.91933e-08, 129678, 0.816469
0.007, 0.00237466, 1.76832e-08, 134289, 0.555212
0.008, 0.00228615, 1.64824e-08, 138702, 0.397584
0.009, 0.00221636, 1.55033e-08, 142960, 0.296014
0.01, 0.00216068, 1.46893e-08, 147092, 0.22714
0.02, 0.00197337, 1.0712e-08, 184221, 0.0393153
0.03, 0.00203801, 9.40618e-09, 216667, 0.013871
0.04, 0.00218329, 8.89074e-09, 245569, 0.00655995
0.05, 0.00236291, 8.70741e-09, 271367, 0.00367227
0.06, 0.00255818, 8.6878e-09, 294456, 0.00230884
0.07, 0.00275988, 8.74753e-09, 315504, 0.00158395
0.08, 0.00296308, 8.85709e-09, 334544, 0.00117003
0.09, 0.00316471, 8.98962e-09, 352041, 0.000918449
0.1, 0.00336325, 9.03984e-09, 372048, 0.000757223
0.2, 0.00506332, 1.04007e-08, 486827, 0.000330538
0.3, 0.00633213, 1.10611e-08, 572467, 0.000223331
0.4, 0.00750974, 1.06928e-08, 702318, 0.000148945
0.5, 0.00899445, 9.28831e-09, 968362, 8.80812e-05
0.6, 0.0111971, 6.39936e-09, 1.74972e+06, 4.32173e-05
0.7, 0.0145134, 4.9647e-09, 2.92332e+06, 1.59836e-05
0.8, 0.0193317, 1.17578e-08, 1.64416e+06, 3.60433e-06
0.9, 0.0259707, 3.90806e-08, 664543, 2.50265e-07
0.0001, -2.60209e-18, -2.77556e-17, 0.09375, 2.72848e-12
0.0002, -4.30801e-18, -1.04358e-17, 0.41281, 2.87752e-13
0.0003, -1.73233e-18, -1.60103e-17, 0.108201, 7.84547e-14
0.0004, -4.39822e-19, -2.03506e-17, 0.0216123, 1.07777e-15
0.0005, -2.61963e-18, -3.54403e-18, 0.739165, 2.83923e-14
0.0006, -6.08376e-19, -8.33082e-18, 0.0730271, 1.28192e-14
0.0007, -4.31797e-18, -1.06551e-17, 0.40525, 2.0825e-14
0.0008, -2.55452e-18, -6.93998e-18, 0.368088, 1.98189e-14
0.0009, -5.08564e-18, -9.01747e-18, 0.563976, 4.96767e-15
0.001, -7.80626e-18, -1.21431e-17, 0.642857, 3.55011e-15
0.002, -8.48609e-18, -1.33983e-17, 0.633368, 1.48215e-15
0.003, -4.98945e-18, -1.48388e-17, 0.336244, 1.36252e-16
0.004, -5.43939e-18, -1.78813e-18, 3.04194, 1.69922e-16
0.005, -3.50674e-18, -1.6162e-18, 2.16974, 8.02492e-17
0.006, -5.83345e-18, -1.78298e-18, 3.27175, 8.27455e-17
0.007, -7.12738e-18, -1.03695e-17, 0.687338, 4.31648e-17
0.008, -2.82302e-18, -5.31011e-18, 0.531632, 1.77322e-17
0.009, -9.66438e-19, -4.90386e-18, 0.197077, 5.6677e-18
0.01, -5.20417e-18, -3.46945e-18, 1.5, 1.2449e-17
0.02, -4.02724e-18, -5.26468e-18, 0.764956, 4.21581e-18
0.03, -7.75352e-18, -8.72362e-18, 0.888797, 8.90089e-18
0.04, -1.31275e-17, -1.05554e-17, 1.24368, 1.79427e-18
0.05, -1.5498e-17, 3.42934e-18, -4.51923, 1.16876e-17
0.06, -1.27641e-17, -9.03743e-19, 14.1236, 7.31136e-18
0.07, -7.62306e-18, -4.46459e-18, 1.70745, 7.96515e-18
0.08, -5.62133e-19, -1.3907e-17, 0.0404209, 5.89637e-18
0.09, -6.4468e-18, -8.92432e-18, 0.722386, 8.56322e-18
0.1, -1.04083e-17, -1.04083e-17, 1, 1.17013e-17
0.2, -1.43018e-17, -6.44741e-18, 2.21823, 2.42618e-18
0.3, -4.92467e-18, -1.46896e-17, 0.335249, 6.88044e-18
0.4, -1.16775e-17, -1.01843e-17, 1.14661, 8.11282e-18
0.5, -8.10874e-18, -2.98947e-18, 2.71243, 1.04825e-17
0.6, -1.12934e-17, -1.62333e-17, 0.695693, 1.91521e-17
0.7, -8.46953e-18, -1.90232e-17, 0.445221, 8.23613e-18
0.8, -1.14894e-17, -2.03612e-17, 0.564279, 5.33621e-18
0.9, -3.64281e-18, -1.31653e-17, 0.276697, 1.80719e-18
0.0001, 0, 0, -nan, 0
0.0002, 0, 0, -nan, 0
0.0003, 0, 0, -nan, 0
0.0004, 0, 0, -nan, 0
0.0005, 0, 0, -nan, 0
0.0006, 0, 0, -nan, 0
0.0007, 0, 0, -nan, 0
0.0008, 0, 0, -nan, 0
0.0009, 0, 0, -nan, 0
0.001, 0, 0, -nan, 0
0.002, 0, 0, -nan, 0
0.003, 0, 0, -nan, 0
0.004, 0, 0, -nan, 0
0.005, 0, 0, -nan, 0
0.006, 0, 0, -nan, 0
0.007, 0, 0, -nan, 0
0.008, 0, 0, -nan, 0
0.009, 0, 0, -nan, 0
0.01, 0, 0, -nan, 0
0.02, 0, 0, -nan, 0
0.03, 0, 0, -nan, 0
0.04, 0, 0, -nan, 0
0.05, 0, 0, -nan, 0
0.06, 0, 0, -nan, 0
0.07, 0, 0, -nan, 0
0.08, 0, 0, -nan, 0
0.09, 0, 0, -nan, 0
0.1, 0, 0, -nan, 0
0.2, 0, 0, -nan, 0
0.3, 0, 0, -nan, 0
0.4, 0, 0, -nan, 0
0.5, 0, 0, -nan, 0
0.6, 0, 0, -nan, 0
0.7, 0, 0, -nan, 0
0.8, 0, 0, -nan, 0
0.9, 0, 0, -nan, 0
