# mu value:
1.300000
# num_x_vals
36
# x, INITIALPDFS_SAL5, SAL, ratio
0.0001, 2.99918, 4.936, 0.607614
0.0002, 2.48162, 3.3053, 0.750801
0.0003, 2.22108, 2.61153, 0.850488
0.0004, 2.05276, 2.20805, 0.929671
0.0005, 1.93092, 1.93776, 0.996474
0.0006, 1.83669, 1.74119, 1.05484
0.0007, 1.76049, 1.59013, 1.10713
0.0008, 1.69699, 1.46966, 1.15469
0.0009, 1.64283, 1.37075, 1.19849
0.001, 1.59579, 1.2877, 1.23925
0.002, 1.31684, 0.849915, 1.54938
0.003, 1.1754, 0.663341, 1.77194
0.004, 1.08339, 0.554636, 1.95333
0.005, 1.01632, 0.481685, 2.10993
0.006, 0.964098, 0.428543, 2.24971
0.007, 0.921592, 0.387637, 2.37746
0.008, 0.885938, 0.354963, 2.49586
0.009, 0.855328, 0.3281, 2.60691
0.01, 0.82857, 0.305514, 2.71206
0.02, 0.66522, 0.18585, 3.57933
0.03, 0.577512, 0.134498, 4.29384
0.04, 0.517564, 0.104526, 4.95154
0.05, 0.47193, 0.0844523, 5.58812
0.06, 0.435003, 0.0699025, 6.22299
0.07, 0.40391, 0.0587852, 6.87096
0.08, 0.377031, 0.0499854, 7.54283
0.09, 0.35333, 0.0428906, 8.23794
0.1, 0.332121, 0.0369497, 8.98846
0.2, 0.193064, 0.00727105, 26.5524
0.3, 0.115792, -0.00249263, -46.4538
0.4, 0.0674136, -0.00653645, -10.3135
0.5, 0.036708, -0.00817786, -4.48871
0.6, 0.0178824, -0.00872019, -2.05069
0.7, 0.00723341, -0.00829121, -0.87242
0.8, 0.00206655, -0.00708242, -0.291786
0.9, 0.000250149, -0.00481583, -0.0519431
0.0001, 0.00213471, 0.263074, 0.00811448
0.0002, 0.00326134, 0.239443, 0.0136205
0.0003, 0.00417899, 0.226175, 0.0184768
0.0004, 0.0049828, 0.217061, 0.0229558
0.0005, 0.00571129, 0.210179, 0.0271735
0.0006, 0.00638486, 0.204683, 0.0311938
0.0007, 0.00701598, 0.200127, 0.0350576
0.0008, 0.00761284, 0.196251, 0.0387914
0.0009, 0.00818128, 0.192886, 0.0424151
0.001, 0.00872563, 0.189919, 0.0459438
0.002, 0.0133278, 0.171477, 0.0777235
0.003, 0.0170707, 0.161596, 0.105638
0.004, 0.0203436, 0.155019, 0.131233
0.005, 0.0233045, 0.150183, 0.155173
0.006, 0.0260367, 0.146416, 0.177828
0.007, 0.0285917, 0.143363, 0.199436
0.008, 0.031003, 0.140824, 0.220154
0.009, 0.0332947, 0.13867, 0.240101
0.01, 0.0354846, 0.136812, 0.259368
0.02, 0.0537809, 0.12645, 0.425312
0.03, 0.0683088, 0.122132, 0.559303
0.04, 0.0806952, 0.119958, 0.672695
0.05, 0.0916075, 0.118791, 0.771165
0.06, 0.101403, 0.118151, 0.858245
0.07, 0.110303, 0.117796, 0.936392
0.08, 0.118456, 0.117592, 1.00735
0.09, 0.125967, 0.11746, 1.07243
0.1, 0.132917, 0.117344, 1.13271
0.2, 0.180741, 0.113865, 1.58733
0.3, 0.202678, 0.105872, 1.91436
0.4, 0.207276, 0.09645, 2.14905
0.5, 0.198432, 0.088091, 2.25258
0.6, 0.178379, 0.0819896, 2.17564
0.7, 0.148517, 0.0782403, 1.89822
0.8, 0.109712, 0.0757315, 1.4487
0.9, 0.0623223, 0.0716405, 0.869931
0.0001, 0.00214461, 0.263194, 0.00814839
0.0002, 0.00328113, 0.23969, 0.0136891
0.0003, 0.00420867, 0.22655, 0.0185772
0.0004, 0.00502236, 0.217566, 0.0230844
0.0005, 0.00576074, 0.210814, 0.0273262
0.0006, 0.00644417, 0.205449, 0.0313662
0.0007, 0.00708516, 0.201025, 0.0352452
0.0008, 0.00769187, 0.19728, 0.0389897
0.0009, 0.00827016, 0.194047, 0.0426194
0.001, 0.00882435, 0.191213, 0.0461494
0.002, 0.0135246, 0.1741, 0.077683
0.003, 0.017365, 0.165554, 0.10489
0.004, 0.0207349, 0.160311, 0.129341
0.005, 0.023792, 0.156807, 0.151728
0.006, 0.0266199, 0.154365, 0.172449
0.007, 0.02927, 0.152632, 0.191769
0.008, 0.0317758, 0.151407, 0.209871
0.009, 0.0341614, 0.150558, 0.226898
0.01, 0.0364446, 0.15, 0.242964
0.02, 0.055642, 0.152185, 0.365621
0.03, 0.071015, 0.159569, 0.445044
0.04, 0.0841931, 0.168256, 0.500386
0.05, 0.0958462, 0.177141, 0.541073
0.06, 0.106334, 0.185781, 0.572363
0.07, 0.115882, 0.193975, 0.597404
0.08, 0.124638, 0.20163, 0.618149
0.09, 0.132711, 0.20871, 0.635861
0.1, 0.140183, 0.215195, 0.651426
0.2, 0.191525, 0.251771, 0.76071
0.3, 0.215003, 0.25548, 0.841566
0.4, 0.220395, 0.247494, 0.890507
0.5, 0.212392, 0.24048, 0.883197
0.6, 0.193656, 0.240418, 0.805496
0.7, 0.165673, 0.248342, 0.667115
0.8, 0.128979, 0.260237, 0.495621
0.9, 0.0827952, 0.265167, 0.312238
0.0001, 0.000642723, 0.0643422, 0.00998913
0.0002, 0.00098302, 0.0615889, 0.015961
0.0003, 0.00126062, 0.0595065, 0.0211846
0.0004, 0.00150407, 0.0579052, 0.0259747
0.0005, 0.00172492, 0.056619, 0.0304654
0.0006, 0.0019293, 0.0555513, 0.03473
0.0007, 0.00212094, 0.0546422, 0.038815
0.0008, 0.00230229, 0.0538539, 0.0427508
0.0009, 0.00247512, 0.05316, 0.0465599
0.001, 0.00264072, 0.0525419, 0.0502594
0.002, 0.00404426, 0.0486323, 0.0831598
0.003, 0.00518988, 0.0465727, 0.111436
0.004, 0.00619438, 0.0452727, 0.136824
0.005, 0.00710509, 0.0443844, 0.160081
0.006, 0.0079471, 0.0437531, 0.181635
0.007, 0.00873579, 0.0432955, 0.201771
0.008, 0.00948123, 0.0429636, 0.220681
0.009, 0.0101906, 0.0427257, 0.238513
0.01, 0.0108694, 0.0425605, 0.255386
0.02, 0.0165685, 0.0428903, 0.3863
0.03, 0.0211241, 0.0445721, 0.473931
0.04, 0.0250247, 0.0466092, 0.536906
0.05, 0.0284713, 0.0487133, 0.584467
0.06, 0.0315715, 0.0507683, 0.621874
0.07, 0.0343926, 0.0527205, 0.652358
0.08, 0.0369792, 0.0545444, 0.677964
0.09, 0.0393637, 0.056231, 0.700036
0.1, 0.0415706, 0.0577712, 0.719572
0.2, 0.0567385, 0.0662438, 0.85651
0.3, 0.0636793, 0.0666355, 0.955637
0.4, 0.0652439, 0.0641673, 1.01678
0.5, 0.0627868, 0.0619827, 1.01297
0.6, 0.0570783, 0.0615643, 0.927133
0.7, 0.0485581, 0.0631636, 0.768767
0.8, 0.0374092, 0.0657712, 0.568778
0.9, 0.0234737, 0.0666483, 0.352203
0.0001, -5.42101e-20, -0.0198354, 2.73299e-18
0.0002, -1.05844e-19, -0.0139873, 7.56712e-18
0.0003, -1.24633e-19, -0.011453, 1.08821e-17
0.0004, -1.30472e-19, -0.00995868, 1.31014e-17
0.0005, 5.1105e-20, -0.00894618, -5.71249e-18
0.0006, -9.65549e-20, -0.00820266, 1.17712e-17
0.0007, 1.89893e-20, -0.00762634, -2.48996e-18
0.0008, -3.03506e-19, -0.00716316, 4.23703e-17
0.0009, -1.05189e-19, -0.00678026, 1.55139e-17
0.001, -1.0842e-19, -0.00645672, 1.67918e-17
0.002, -6.32834e-19, -0.00471305, 1.34273e-16
0.003, -4.30103e-19, -0.00394665, 1.08979e-16
0.004, -6.14353e-20, -0.0034946, 1.75801e-17
0.005, 2.3207e-19, -0.00319104, -7.27256e-17
0.006, -4.81142e-19, -0.00297175, 1.61905e-16
0.007, -9.43319e-19, -0.00280563, 3.36224e-16
0.008, 3.94763e-19, -0.00267593, -1.47524e-16
0.009, -5.9375e-19, -0.00257237, 2.30818e-16
0.01, -1.30104e-18, -0.00248835, 5.22854e-16
0.02, -2.95284e-20, -0.00214973, 1.37358e-17
0.03, -1.55671e-19, -0.0021458, 7.2547e-17
0.04, -2.18688e-18, -0.00224676, 9.73348e-16
0.05, -3.50316e-18, -0.00239218, 1.46443e-15
0.06, -5.9981e-19, -0.00255813, 2.34472e-16
0.07, -3.46832e-18, -0.00273329, 1.26892e-15
0.08, -1.23315e-18, -0.00290037, 4.25171e-16
0.09, 1.22649e-18, -0.00317552, -3.86235e-16
0.1, -1.73472e-18, -0.00325735, 5.32557e-16
0.2, -2.51922e-18, -0.0034178, 7.37089e-16
0.3, -5.08618e-18, -0.00426784, 1.19175e-15
0.4, -9.56318e-18, -0.00518206, 1.84544e-15
0.5, 1.9507e-19, -0.00649093, -3.00527e-17
0.6, 1.25768e-18, -0.00138102, -9.10693e-16
0.7, -2.28352e-18, -0.00143423, 1.59216e-15
0.8, -4.97282e-18, 0.00457421, -1.08714e-15
0.9, -4.19e-19, -0.00135153, 3.10019e-16
0.0001, -4.99839e-33, -2.65002e-31, 0.0188617
0.0002, -3.19035e-19, -1.42379e-17, 0.0224074
0.0003, -3.78332e-19, -9.42796e-18, 0.0401287
0.0004, -4.40197e-19, -1.61969e-17, 0.0271779
0.0005, -3.81836e-19, -1.74386e-17, 0.021896
0.0006, -2.6573e-19, -4.79255e-18, 0.0554465
0.0007, -9.18574e-20, -7.98945e-18, 0.0114973
0.0008, -4.36653e-19, -1.44342e-17, 0.0302512
0.0009, -4.3656e-19, -1.05573e-17, 0.0413514
0.001, -3.25261e-19, -1.56125e-17, 0.0208333
0.002, -8.2923e-19, -2.05984e-17, 0.040257
0.003, -1.27464e-18, 2.86667e-19, -4.44641
0.004, -7.70794e-20, -9.64685e-18, 0.00799011
0.005, -1.524e-18, -1.71608e-18, 0.888074
0.006, -1.51912e-18, -7.52763e-19, 2.01806
0.007, -1.80126e-18, 4.352e-19, -4.13892
0.008, -9.61405e-19, -7.53668e-18, 0.127564
0.009, -1.83974e-18, -7.1363e-18, 0.2578
0.01, -1.30104e-18, -1.73472e-18, 0.75
0.02, -1.89068e-18, -2.45878e-19, 7.68951
0.03, -5.35259e-18, -2.89281e-18, 1.85031
0.04, -2.70088e-18, -7.11962e-18, 0.379357
0.05, -8.74727e-18, -1.0506e-17, 0.832597
0.06, -3.19087e-18, -3.57169e-18, 0.893379
0.07, -1.06545e-17, 3.80985e-18, -2.79657
0.08, -3.70187e-18, -5.23446e-18, 0.707211
0.09, -4.22461e-18, -4.33623e-18, 0.974259
0.1, -5.20417e-18, -6.93889e-18, 0.75
0.2, -9.30341e-18, -1.96783e-18, 4.72774
0.3, -8.87925e-18, 6.06154e-19, -14.6485
0.4, -1.10927e-17, -1.44443e-17, 0.767961
0.5, -6.32051e-18, -1.20244e-17, 0.52564
0.6, -1.50991e-17, -5.5964e-18, 2.698
0.7, -1.12055e-17, -7.02429e-18, 1.59526
0.8, -4.92284e-18, -4.82285e-18, 1.02073
0.9, 1.66244e-18, -1.5459e-17, -0.107539
0.0001, 0, 0, -nan
0.0002, 0, 0, -nan
0.0003, 0, 0, -nan
0.0004, 0, 0, -nan
0.0005, 0, 0, -nan
0.0006, 0, 0, -nan
0.0007, 0, 0, -nan
0.0008, 0, 0, -nan
0.0009, 0, 0, -nan
0.001, 0, 0, -nan
0.002, 0, 0, -nan
0.003, 0, 0, -nan
0.004, 0, 0, -nan
0.005, 0, 0, -nan
0.006, 0, 0, -nan
0.007, 0, 0, -nan
0.008, 0, 0, -nan
0.009, 0, 0, -nan
0.01, 0, 0, -nan
0.02, 0, 0, -nan
0.03, 0, 0, -nan
0.04, 0, 0, -nan
0.05, 0, 0, -nan
0.06, 0, 0, -nan
0.07, 0, 0, -nan
0.08, 0, 0, -nan
0.09, 0, 0, -nan
0.1, 0, 0, -nan
0.2, 0, 0, -nan
0.3, 0, 0, -nan
0.4, 0, 0, -nan
0.5, 0, 0, -nan
0.6, 0, 0, -nan
0.7, 0, 0, -nan
0.8, 0, 0, -nan
0.9, 0, 0, -nan
