# mu2 values:
9.900000, 20.700000, 284.000000, 6.800000, 73.000000, 390.000000
# num_x_vals
181
# x, APFEL++, LHAPDF, ratio
0.0001, 1.29201, 1.53111, 0.843845
0.005, 0.398535, 0.431851, 0.922853
0.01, 0.326333, 0.346647, 0.941398
0.015, 0.294788, 0.309206, 0.953372
0.02, 0.277349, 0.288202, 0.962342
0.025, 0.266763, 0.275153, 0.969506
0.03, 0.260089, 0.266654, 0.975381
0.035, 0.255869, 0.261023, 0.980254
0.04, 0.253291, 0.257287, 0.984472
0.045, 0.251871, 0.254928, 0.988011
0.05, 0.251281, 0.25355, 0.991051
0.055, 0.251308, 0.252899, 0.99371
0.06, 0.251805, 0.252848, 0.995877
0.065, 0.252649, 0.253203, 0.997808
0.07, 0.253758, 0.253904, 0.999427
0.075, 0.255069, 0.25491, 1.00063
0.08, 0.256602, 0.256117, 1.00189
0.085, 0.258308, 0.257496, 1.00315
0.09, 0.259749, 0.258996, 1.00291
0.095, 0.261133, 0.260611, 1.002
0.1, 0.263255, 0.262379, 1.00334
0.105, 0.266078, 0.264284, 1.00679
0.11, 0.268387, 0.266197, 1.00823
0.115, 0.270392, 0.268121, 1.00847
0.12, 0.27235, 0.270071, 1.00844
0.125, 0.274305, 0.272016, 1.00842
0.13, 0.27626, 0.274053, 1.00805
0.135, 0.278189, 0.276015, 1.00788
0.14, 0.280107, 0.278026, 1.00749
0.145, 0.282003, 0.280037, 1.00702
0.15, 0.283875, 0.282044, 1.00649
0.155, 0.28572, 0.284049, 1.00588
0.16, 0.287535, 0.286046, 1.00521
0.165, 0.28932, 0.288033, 1.00447
0.17, 0.291072, 0.29001, 1.00366
0.175, 0.292791, 0.291976, 1.00279
0.18, 0.294476, 0.293927, 1.00187
0.185, 0.296125, 0.295865, 1.00088
0.19, 0.29774, 0.297789, 0.999833
0.195, 0.299318, 0.299697, 0.998737
0.2, 0.300861, 0.301589, 0.997584
0.205, 0.302368, 0.303468, 0.996375
0.21, 0.303839, 0.305331, 0.995114
0.215, 0.305274, 0.307179, 0.993801
0.22, 0.306675, 0.309012, 0.992437
0.225, 0.30804, 0.310832, 0.991017
0.23, 0.309372, 0.31264, 0.989546
0.235, 0.310669, 0.314433, 0.988029
0.24, 0.311933, 0.316215, 0.986459
0.245, 0.313165, 0.317988, 0.984832
0.25, 0.314365, 0.319751, 0.983157
0.255, 0.315534, 0.321503, 0.981434
0.26, 0.316673, 0.323248, 0.979659
0.265, 0.317782, 0.324987, 0.97783
0.27, 0.318863, 0.326722, 0.975948
0.275, 0.319917, 0.328452, 0.974013
0.28, 0.320944, 0.33018, 0.972028
0.285, 0.321945, 0.331905, 0.969993
0.29, 0.322922, 0.333631, 0.967903
0.295, 0.323876, 0.335361, 0.965752
0.3, 0.324807, 0.337094, 0.96355
0.305, 0.325716, 0.338829, 0.9613
0.31, 0.326605, 0.340569, 0.959
0.315, 0.327475, 0.342318, 0.956641
0.32, 0.328328, 0.34408, 0.954219
0.325, 0.329163, 0.345852, 0.951745
0.33, 0.329982, 0.347634, 0.949221
0.335, 0.330786, 0.34943, 0.946644
0.34, 0.331577, 0.351243, 0.944009
0.345, 0.332355, 0.353075, 0.941318
0.35, 0.333123, 0.354926, 0.93857
0.355, 0.33388, 0.3568, 0.935764
0.36, 0.334629, 0.358698, 0.932899
0.365, 0.33537, 0.360619, 0.929984
0.37, 0.336104, 0.362564, 0.927019
0.375, 0.336832, 0.364537, 0.924001
0.38, 0.337557, 0.366542, 0.920923
0.385, 0.338279, 0.368582, 0.917783
0.39, 0.338999, 0.370657, 0.914589
0.395, 0.339717, 0.372763, 0.911349
0.4, 0.340436, 0.374903, 0.908064
0.405, 0.341156, 0.37708, 0.90473
0.41, 0.341879, 0.3793, 0.90134
0.415, 0.342606, 0.381566, 0.897894
0.42, 0.343338, 0.383877, 0.894395
0.425, 0.344075, 0.386231, 0.890853
0.43, 0.34482, 0.388631, 0.887268
0.435, 0.345571, 0.391076, 0.883642
0.44, 0.346332, 0.393573, 0.87997
0.445, 0.347104, 0.396122, 0.876254
0.45, 0.347886, 0.398724, 0.872498
0.455, 0.348681, 0.401382, 0.868701
0.46, 0.349488, 0.404096, 0.864865
0.465, 0.35031, 0.406867, 0.860992
0.47, 0.351146, 0.409698, 0.857084
0.475, 0.351998, 0.412588, 0.853147
0.48, 0.352867, 0.415538, 0.849181
0.485, 0.353754, 0.418551, 0.845187
0.49, 0.354659, 0.421627, 0.841169
0.495, 0.355582, 0.424764, 0.837129
0.5, 0.356524, 0.427966, 0.833066
0.505, 0.357492, 0.431224, 0.829018
0.51, 0.358477, 0.434555, 0.824929
0.515, 0.359477, 0.43796, 0.820798
0.52, 0.360496, 0.441439, 0.816637
0.525, 0.361469, 0.444999, 0.812291
0.53, 0.362516, 0.448624, 0.808061
0.535, 0.363638, 0.452311, 0.803955
0.54, 0.364819, 0.456063, 0.799932
0.545, 0.366301, 0.45987, 0.796531
0.55, 0.367661, 0.463749, 0.792802
0.555, 0.368842, 0.467703, 0.788625
0.56, 0.369903, 0.471731, 0.78414
0.565, 0.370428, 0.475835, 0.778479
0.57, 0.371001, 0.480009, 0.772904
0.575, 0.372101, 0.484246, 0.768414
0.58, 0.373623, 0.488546, 0.764766
0.585, 0.375566, 0.492907, 0.76194
0.59, 0.378091, 0.497326, 0.760248
0.595, 0.380283, 0.501814, 0.757817
0.6, 0.382217, 0.50637, 0.754817
0.605, 0.383965, 0.51099, 0.751414
0.61, 0.385584, 0.515672, 0.747731
0.615, 0.387201, 0.520413, 0.744026
0.62, 0.388854, 0.52521, 0.740378
0.625, 0.390544, 0.530061, 0.736791
0.63, 0.392273, 0.534965, 0.733269
0.635, 0.394041, 0.539918, 0.729816
0.64, 0.395848, 0.544917, 0.726437
0.645, 0.397696, 0.549959, 0.723136
0.65, 0.399584, 0.555041, 0.719919
0.655, 0.401516, 0.56016, 0.716788
0.66, 0.40349, 0.565311, 0.713749
0.665, 0.405509, 0.570491, 0.710808
0.67, 0.407574, 0.575695, 0.707969
0.675, 0.409686, 0.580921, 0.705236
0.68, 0.411847, 0.586161, 0.702616
0.685, 0.414057, 0.59141, 0.700118
0.69, 0.416319, 0.596665, 0.697743
0.695, 0.418635, 0.60192, 0.695499
0.7, 0.421006, 0.607166, 0.693394
0.705, 0.423434, 0.612398, 0.691436
0.71, 0.425923, 0.617607, 0.689634
0.715, 0.428474, 0.622788, 0.687993
0.72, 0.431091, 0.627936, 0.686521
0.725, 0.433777, 0.633039, 0.68523
0.73, 0.436536, 0.638088, 0.684132
0.735, 0.439371, 0.643078, 0.683232
0.74, 0.442287, 0.648001, 0.682541
0.745, 0.445289, 0.652842, 0.682077
0.75, 0.448382, 0.657589, 0.681857
0.755, 0.451567, 0.662237, 0.68188
0.76, 0.454855, 0.666774, 0.682173
0.765, 0.458219, 0.671185, 0.682701
0.77, 0.461676, 0.675456, 0.683503
0.775, 0.465458, 0.679574, 0.684927
0.78, 0.469435, 0.683523, 0.686787
0.785, 0.472986, 0.687321, 0.688158
0.79, 0.476463, 0.69093, 0.689596
0.795, 0.480887, 0.694185, 0.692736
0.8, 0.48588, 0.697162, 0.69694
0.805, 0.490721, 0.700195, 0.700835
0.81, 0.495617, 0.702866, 0.705138
0.815, 0.500755, 0.705038, 0.710253
0.82, 0.506199, 0.707219, 0.715761
0.825, 0.511912, 0.708887, 0.722135
0.83, 0.517956, 0.710232, 0.729277
0.835, 0.524359, 0.711202, 0.737285
0.84, 0.531156, 0.711766, 0.74625
0.845, 0.538389, 0.711898, 0.756273
0.85, 0.546106, 0.711571, 0.767465
0.855, 0.554357, 0.71075, 0.779961
0.86, 0.563204, 0.709403, 0.793913
0.865, 0.572715, 0.707494, 0.809497
0.87, 0.582966, 0.704988, 0.826917
0.875, 0.594048, 0.701842, 0.846413
0.88, 0.606062, 0.698013, 0.868268
0.885, 0.619129, 0.693454, 0.892819
0.89, 0.633389, 0.688116, 0.920469
0.895, 0.649003, 0.681943, 0.951697
0.9, 0.666132, 0.674877, 0.987042
0.0001, 1.69811, 2.02569, 0.838289
0.005, 0.487223, 0.52992, 0.919427
0.01, 0.3931, 0.418912, 0.938382
0.015, 0.352141, 0.370442, 0.950597
0.02, 0.329494, 0.343303, 0.959775
0.025, 0.315706, 0.326431, 0.967146
0.03, 0.30696, 0.315404, 0.973228
0.035, 0.301366, 0.308051, 0.9783
0.04, 0.297882, 0.303121, 0.982718
0.045, 0.295879, 0.299947, 0.986438
0.05, 0.294937, 0.298022, 0.98965
0.055, 0.294786, 0.297024, 0.992463
0.06, 0.29523, 0.296785, 0.99476
0.065, 0.296117, 0.297067, 0.9968
0.07, 0.297343, 0.297787, 0.99851
0.075, 0.298827, 0.298892, 0.999781
0.08, 0.300587, 0.300256, 1.0011
0.085, 0.302562, 0.30184, 1.00239
0.09, 0.304191, 0.30358, 1.00201
0.095, 0.305747, 0.305468, 1.00091
0.1, 0.308277, 0.307547, 1.00237
0.105, 0.311737, 0.309795, 1.00627
0.11, 0.314504, 0.31206, 1.00783
0.115, 0.316866, 0.314347, 1.00801
0.12, 0.319166, 0.316669, 1.00789
0.125, 0.321466, 0.318993, 1.00775
0.13, 0.323759, 0.321428, 1.00725
0.135, 0.326028, 0.32378, 1.00694
0.14, 0.32828, 0.326194, 1.0064
0.145, 0.330506, 0.328613, 1.00576
0.15, 0.332702, 0.331031, 1.00505
0.155, 0.334865, 0.33345, 1.00424
0.16, 0.336991, 0.335863, 1.00336
0.165, 0.33908, 0.338269, 1.0024
0.17, 0.341129, 0.340666, 1.00136
0.175, 0.343136, 0.343053, 1.00024
0.18, 0.345102, 0.345426, 0.999062
0.185, 0.347024, 0.347786, 0.997809
0.19, 0.348904, 0.350134, 0.996485
0.195, 0.350739, 0.352465, 0.995101
0.2, 0.35253, 0.354783, 0.99365
0.205, 0.354277, 0.357086, 0.992132
0.21, 0.35598, 0.359375, 0.990554
0.215, 0.357639, 0.361648, 0.988915
0.22, 0.359256, 0.363908, 0.987216
0.225, 0.360829, 0.366156, 0.985452
0.23, 0.36236, 0.368392, 0.983628
0.235, 0.36385, 0.370613, 0.981751
0.24, 0.365299, 0.372825, 0.979814
0.245, 0.366708, 0.37503, 0.977811
0.25, 0.368078, 0.377224, 0.975754
0.255, 0.36941, 0.37941, 0.973642
0.26, 0.370704, 0.38159, 0.971471
0.265, 0.371963, 0.383767, 0.96924
0.27, 0.373186, 0.385941, 0.966951
0.275, 0.374375, 0.388113, 0.964603
0.28, 0.375531, 0.390284, 0.9622
0.285, 0.376655, 0.392455, 0.959742
0.29, 0.377749, 0.39463, 0.957224
0.295, 0.378814, 0.396812, 0.954643
0.3, 0.37985, 0.398999, 0.952006
0.305, 0.380859, 0.401192, 0.949318
0.31, 0.381843, 0.403393, 0.946578
0.315, 0.382802, 0.405607, 0.943775
0.32, 0.383738, 0.407838, 0.940908
0.325, 0.384652, 0.410082, 0.937988
0.33, 0.385546, 0.412342, 0.935016
0.335, 0.386421, 0.414619, 0.93199
0.34, 0.387278, 0.416917, 0.928907
0.345, 0.388118, 0.419239, 0.925767
0.35, 0.388943, 0.421586, 0.922571
0.355, 0.389755, 0.42396, 0.919319
0.36, 0.390554, 0.426364, 0.91601
0.365, 0.391342, 0.428797, 0.912651
0.37, 0.39212, 0.431258, 0.909246
0.375, 0.392889, 0.433753, 0.905791
0.38, 0.393652, 0.436286, 0.902279
0.385, 0.394409, 0.438861, 0.89871
0.39, 0.395161, 0.441476, 0.895092
0.395, 0.39591, 0.444129, 0.891431
0.4, 0.396657, 0.446821, 0.887733
0.405, 0.397404, 0.449557, 0.883991
0.41, 0.398152, 0.452343, 0.880199
0.415, 0.398902, 0.455181, 0.876358
0.42, 0.399655, 0.458072, 0.872473
0.425, 0.400414, 0.461013, 0.868552
0.43, 0.401178, 0.464006, 0.864596
0.435, 0.401949, 0.467052, 0.860609
0.44, 0.402729, 0.470156, 0.856586
0.445, 0.403518, 0.47332, 0.852528
0.45, 0.404319, 0.476544, 0.84844
0.455, 0.405132, 0.479832, 0.844322
0.46, 0.405959, 0.483183, 0.840177
0.465, 0.406801, 0.4866, 0.836007
0.47, 0.407657, 0.490082, 0.831814
0.475, 0.408532, 0.493632, 0.827604
0.48, 0.409425, 0.49725, 0.823378
0.485, 0.410339, 0.500939, 0.81914
0.49, 0.411273, 0.504697, 0.814891
0.495, 0.412225, 0.508525, 0.81063
0.5, 0.413198, 0.512423, 0.806361
0.505, 0.4142, 0.516385, 0.802114
0.51, 0.415221, 0.520428, 0.797845
0.515, 0.416263, 0.524554, 0.793555
0.52, 0.417329, 0.528762, 0.789257
0.525, 0.418345, 0.533061, 0.784797
0.53, 0.419447, 0.537431, 0.780467
0.535, 0.420639, 0.54187, 0.776273
0.54, 0.4219, 0.546379, 0.772174
0.545, 0.423568, 0.550947, 0.768799
0.55, 0.425063, 0.555595, 0.765059
0.555, 0.42631, 0.560327, 0.760824
0.56, 0.427391, 0.565139, 0.75626
0.565, 0.427679, 0.570035, 0.750268
0.57, 0.428051, 0.575008, 0.744426
0.575, 0.429225, 0.580049, 0.73998
0.58, 0.431038, 0.585158, 0.736618
0.585, 0.433492, 0.590334, 0.734316
0.59, 0.43684, 0.595572, 0.73348
0.595, 0.439658, 0.600886, 0.731684
0.6, 0.442063, 0.606272, 0.729149
0.605, 0.444171, 0.611728, 0.726092
0.61, 0.446072, 0.617251, 0.722675
0.615, 0.447966, 0.622837, 0.719234
0.62, 0.449916, 0.628484, 0.715875
0.625, 0.451924, 0.634189, 0.712602
0.63, 0.453992, 0.639949, 0.709418
0.635, 0.456121, 0.645762, 0.70633
0.64, 0.458314, 0.651624, 0.703342
0.645, 0.460573, 0.657531, 0.700458
0.65, 0.4629, 0.66348, 0.697685
0.655, 0.465298, 0.669467, 0.695028
0.66, 0.467769, 0.675487, 0.692491
0.665, 0.470315, 0.681537, 0.690081
0.67, 0.472941, 0.687611, 0.687803
0.675, 0.475649, 0.693706, 0.685664
0.68, 0.478442, 0.699815, 0.683669
0.685, 0.481323, 0.705931, 0.681828
0.69, 0.484297, 0.71205, 0.680145
0.695, 0.487367, 0.718165, 0.678628
0.7, 0.490538, 0.72427, 0.677287
0.705, 0.493814, 0.730355, 0.676129
0.71, 0.4972, 0.736412, 0.675165
0.715, 0.5007, 0.742435, 0.674403
0.72, 0.504323, 0.748419, 0.673851
0.725, 0.508071, 0.75435, 0.673522
0.73, 0.511954, 0.760217, 0.673431
0.735, 0.515976, 0.766017, 0.673584
0.74, 0.520147, 0.771739, 0.673994
0.745, 0.524474, 0.777368, 0.67468
0.75, 0.528969, 0.782889, 0.675663
0.755, 0.53363, 0.788297, 0.676939
0.76, 0.538474, 0.793579, 0.678539
0.765, 0.543488, 0.798718, 0.680451
0.77, 0.54869, 0.803698, 0.682707
0.775, 0.554325, 0.808505, 0.685617
0.78, 0.560261, 0.813122, 0.689024
0.785, 0.565709, 0.817568, 0.691941
0.79, 0.571164, 0.821801, 0.695015
0.795, 0.578182, 0.825638, 0.700285
0.8, 0.586107, 0.829163, 0.706865
0.805, 0.593657, 0.832731, 0.712903
0.81, 0.601253, 0.835901, 0.719288
0.815, 0.609247, 0.838525, 0.72657
0.82, 0.617685, 0.84114, 0.734344
0.825, 0.626569, 0.843186, 0.743098
0.83, 0.635957, 0.844867, 0.752731
0.835, 0.645888, 0.846123, 0.76335
0.84, 0.65641, 0.846922, 0.775053
0.845, 0.667576, 0.847234, 0.787948
0.85, 0.679445, 0.847024, 0.802156
0.855, 0.692085, 0.846257, 0.817819
0.86, 0.70557, 0.844894, 0.835099
0.865, 0.719984, 0.842894, 0.854181
0.87, 0.735425, 0.840216, 0.875281
0.875, 0.752, 0.83681, 0.898651
0.88, 0.769833, 0.832626, 0.924585
0.885, 0.78907, 0.827609, 0.953433
0.89, 0.809885, 0.821702, 0.985619
0.895, 0.832445, 0.814839, 1.02161
0.9, 0.856964, 0.806952, 1.06198
0.0001, 3.51622, 4.07166, 0.863583
0.005, 0.83898, 0.89887, 0.933372
0.01, 0.652539, 0.688537, 0.947717
0.015, 0.572409, 0.598551, 0.956324
0.02, 0.52815, 0.548645, 0.962645
0.025, 0.501039, 0.517732, 0.967758
0.03, 0.483601, 0.497503, 0.972056
0.035, 0.472168, 0.48392, 0.975715
0.04, 0.464745, 0.474701, 0.979026
0.045, 0.460113, 0.468609, 0.98187
0.05, 0.457484, 0.464734, 0.9844
0.055, 0.456342, 0.462506, 0.986674
0.06, 0.456313, 0.461598, 0.98855
0.065, 0.457119, 0.461616, 0.990258
0.07, 0.45857, 0.462401, 0.991715
0.075, 0.460525, 0.46385, 0.992831
0.08, 0.462929, 0.465755, 0.993932
0.085, 0.465699, 0.468047, 0.994983
0.09, 0.46805, 0.470619, 0.994542
0.095, 0.470372, 0.473453, 0.993494
0.1, 0.474257, 0.476599, 0.995085
0.105, 0.479643, 0.480023, 0.999209
0.11, 0.48386, 0.483497, 1.00075
0.115, 0.487398, 0.487026, 1.00076
0.12, 0.490843, 0.490625, 1.00044
0.125, 0.494294, 0.494251, 1.00009
0.13, 0.497737, 0.498042, 0.999387
0.135, 0.501157, 0.501736, 0.998847
0.14, 0.504549, 0.505529, 0.998062
0.145, 0.507903, 0.509341, 0.997178
0.15, 0.511212, 0.513162, 0.9962
0.155, 0.51447, 0.516993, 0.99512
0.16, 0.517673, 0.520826, 0.993946
0.165, 0.520818, 0.524658, 0.992681
0.17, 0.5239, 0.528484, 0.991326
0.175, 0.526919, 0.532304, 0.989883
0.18, 0.529872, 0.536112, 0.98836
0.185, 0.532758, 0.53991, 0.986754
0.19, 0.535576, 0.543696, 0.985065
0.195, 0.538326, 0.547466, 0.983305
0.2, 0.541007, 0.551223, 0.981467
0.205, 0.54362, 0.554967, 0.979554
0.21, 0.546165, 0.558696, 0.97757
0.215, 0.548642, 0.562412, 0.975517
0.22, 0.551053, 0.566114, 0.973396
0.225, 0.553398, 0.569806, 0.971204
0.23, 0.555677, 0.573486, 0.968946
0.235, 0.557894, 0.577154, 0.966629
0.24, 0.560048, 0.580813, 0.964248
0.245, 0.562142, 0.584469, 0.961799
0.25, 0.564176, 0.588117, 0.959292
0.255, 0.566153, 0.591759, 0.956729
0.26, 0.568073, 0.595399, 0.954106
0.265, 0.56994, 0.599039, 0.951423
0.27, 0.571754, 0.602681, 0.948684
0.275, 0.573518, 0.606327, 0.945889
0.28, 0.575233, 0.609977, 0.943041
0.285, 0.576902, 0.613632, 0.940142
0.29, 0.578526, 0.617299, 0.93719
0.295, 0.580108, 0.62098, 0.934181
0.3, 0.581649, 0.624674, 0.931124
0.305, 0.583152, 0.628381, 0.928023
0.31, 0.584618, 0.632103, 0.924878
0.315, 0.586051, 0.63585, 0.921682
0.32, 0.587452, 0.639623, 0.918434
0.325, 0.588823, 0.643419, 0.915146
0.33, 0.590166, 0.647241, 0.911819
0.335, 0.591484, 0.65109, 0.908452
0.34, 0.592779, 0.654974, 0.905043
0.345, 0.594054, 0.658893, 0.901593
0.35, 0.59531, 0.662851, 0.898105
0.355, 0.596549, 0.666848, 0.894581
0.36, 0.597775, 0.670889, 0.891019
0.365, 0.598989, 0.674972, 0.887428
0.37, 0.600194, 0.679098, 0.883809
0.375, 0.601391, 0.683272, 0.880163
0.38, 0.602584, 0.687501, 0.876484
0.385, 0.603774, 0.691787, 0.872774
0.39, 0.604964, 0.69613, 0.869039
0.395, 0.606156, 0.700526, 0.865286
0.4, 0.607352, 0.704978, 0.86152
0.405, 0.608556, 0.70949, 0.857737
0.41, 0.609768, 0.71407, 0.853933
0.415, 0.610992, 0.718722, 0.85011
0.42, 0.61223, 0.723444, 0.846272
0.425, 0.613485, 0.728235, 0.842427
0.43, 0.614758, 0.733096, 0.838577
0.435, 0.616051, 0.738027, 0.834727
0.44, 0.617368, 0.743037, 0.830871
0.445, 0.618711, 0.748127, 0.827014
0.45, 0.620082, 0.753296, 0.823159
0.455, 0.621484, 0.758549, 0.819307
0.46, 0.622919, 0.763886, 0.815461
0.465, 0.62439, 0.769308, 0.811625
0.47, 0.625898, 0.774817, 0.807802
0.475, 0.627447, 0.780414, 0.803994
0.48, 0.629039, 0.786099, 0.800204
0.485, 0.630679, 0.791875, 0.796437
0.49, 0.632365, 0.797742, 0.792694
0.495, 0.634098, 0.803698, 0.788975
0.5, 0.63588, 0.809745, 0.785284
0.505, 0.637715, 0.815873, 0.781636
0.51, 0.639609, 0.822104, 0.778015
0.515, 0.641565, 0.828443, 0.774423
0.52, 0.643587, 0.834887, 0.770867
0.525, 0.64562, 0.841448, 0.767272
0.53, 0.647765, 0.848098, 0.763786
0.535, 0.650025, 0.854834, 0.760411
0.54, 0.652386, 0.861657, 0.757129
0.545, 0.655335, 0.868553, 0.754514
0.55, 0.658072, 0.875549, 0.751611
0.555, 0.660507, 0.88265, 0.748323
0.56, 0.662768, 0.889852, 0.744807
0.565, 0.663737, 0.897163, 0.739818
0.57, 0.664939, 0.904568, 0.735091
0.575, 0.667623, 0.912056, 0.731997
0.58, 0.671485, 0.919628, 0.73017
0.585, 0.676538, 0.927282, 0.729592
0.59, 0.683275, 0.93501, 0.730767
0.595, 0.688986, 0.942833, 0.730761
0.6, 0.693902, 0.950746, 0.729851
0.605, 0.698257, 0.958744, 0.728304
0.61, 0.702226, 0.966824, 0.726323
0.615, 0.706209, 0.974982, 0.72433
0.62, 0.710328, 0.983213, 0.722456
0.625, 0.714589, 0.991514, 0.720706
0.63, 0.718998, 0.999882, 0.719083
0.635, 0.723558, 1.00831, 0.717594
0.64, 0.728276, 1.0168, 0.716243
0.645, 0.733157, 1.02534, 0.715035
0.65, 0.738206, 1.03394, 0.713976
0.655, 0.74343, 1.04257, 0.713072
0.66, 0.748834, 1.05125, 0.712329
0.665, 0.754426, 1.05996, 0.711752
0.67, 0.760212, 1.06869, 0.711348
0.675, 0.766199, 1.07745, 0.711123
0.68, 0.772394, 1.08622, 0.711085
0.685, 0.778806, 1.09499, 0.711242
0.69, 0.785442, 1.10377, 0.711599
0.695, 0.792312, 1.11254, 0.712167
0.7, 0.799423, 1.12128, 0.712953
0.705, 0.806786, 1.13, 0.713967
0.71, 0.81441, 1.13868, 0.715221
0.715, 0.822306, 1.14732, 0.716721
0.72, 0.830486, 1.15589, 0.718479
0.725, 0.838959, 1.1644, 0.720507
0.73, 0.84774, 1.17282, 0.72282
0.735, 0.85684, 1.18115, 0.725426
0.74, 0.866275, 1.18938, 0.72834
0.745, 0.876057, 1.19749, 0.73158
0.75, 0.886205, 1.20545, 0.735166
0.755, 0.896725, 1.21326, 0.739102
0.76, 0.907641, 1.22091, 0.743413
0.765, 0.918968, 1.22837, 0.748119
0.77, 0.930724, 1.23563, 0.753241
0.775, 0.9431, 1.24265, 0.758941
0.78, 0.956016, 1.24943, 0.765163
0.785, 0.968589, 1.25599, 0.771179
0.79, 0.981465, 1.26226, 0.777544
0.795, 0.996924, 1.26803, 0.786199
0.8, 1.01386, 1.27339, 0.796193
0.805, 1.03008, 1.27874, 0.805543
0.81, 1.04637, 1.28361, 0.815181
0.815, 1.06337, 1.28781, 0.825721
0.82, 1.08112, 1.29193, 0.836828
0.825, 1.09967, 1.29534, 0.848942
0.83, 1.11906, 1.29826, 0.86197
0.835, 1.13936, 1.30062, 0.876013
0.84, 1.16062, 1.30237, 0.891159
0.845, 1.18291, 1.30348, 0.907507
0.85, 1.20631, 1.30389, 0.925168
0.855, 1.2309, 1.30355, 0.944268
0.86, 1.25677, 1.30242, 0.96495
0.865, 1.28401, 1.30042, 0.987381
0.87, 1.31276, 1.29752, 1.01175
0.875, 1.34312, 1.29362, 1.03826
0.88, 1.37525, 1.28867, 1.06719
0.885, 1.40933, 1.28258, 1.09882
0.89, 1.44552, 1.27526, 1.13351
0.895, 1.48398, 1.26663, 1.1716
0.9, 1.52517, 1.25658, 1.21375
0.0001, 1.0979, 1.28949, 0.851428
0.005, 0.352738, 0.380738, 0.92646
0.01, 0.291271, 0.308527, 0.944069
0.015, 0.264384, 0.276713, 0.955445
0.02, 0.249541, 0.258871, 0.963957
0.025, 0.240563, 0.247814, 0.97074
0.03, 0.234939, 0.240644, 0.976292
0.035, 0.231422, 0.23593, 0.980889
0.04, 0.229313, 0.232838, 0.984859
0.045, 0.228201, 0.230928, 0.988189
0.05, 0.227801, 0.229859, 0.991047
0.055, 0.227933, 0.229414, 0.993548
0.06, 0.228472, 0.229484, 0.99559
0.065, 0.229308, 0.229902, 0.997416
0.07, 0.230373, 0.230615, 0.998951
0.075, 0.231613, 0.231591, 1.00009
0.08, 0.233042, 0.232739, 1.0013
0.085, 0.234619, 0.234032, 1.00251
0.09, 0.235987, 0.235427, 1.00238
0.095, 0.237313, 0.23692, 1.00166
0.1, 0.239236, 0.238545, 1.00289
0.105, 0.241723, 0.240288, 1.00597
0.11, 0.243799, 0.242034, 1.0073
0.115, 0.245634, 0.243787, 1.00757
0.12, 0.247429, 0.24556, 1.00761
0.125, 0.24922, 0.247325, 1.00766
0.13, 0.251014, 0.249171, 1.0074
0.135, 0.252779, 0.250945, 1.00731
0.14, 0.254538, 0.252762, 1.00703
0.145, 0.256278, 0.254576, 1.00668
0.15, 0.257995, 0.256385, 1.00628
0.155, 0.259688, 0.258189, 1.00581
0.16, 0.261356, 0.259984, 1.00528
0.165, 0.262996, 0.261768, 1.00469
0.17, 0.264607, 0.263541, 1.00405
0.175, 0.266189, 0.265302, 1.00335
0.18, 0.267741, 0.267047, 1.0026
0.185, 0.269262, 0.268779, 1.0018
0.19, 0.270752, 0.270496, 1.00094
0.195, 0.27221, 0.272197, 1.00005
0.2, 0.273636, 0.273882, 0.999103
0.205, 0.275031, 0.275553, 0.998108
0.21, 0.276395, 0.277207, 0.997068
0.215, 0.277727, 0.278847, 0.995984
0.22, 0.279028, 0.280471, 0.994855
0.225, 0.280298, 0.282082, 0.993677
0.23, 0.281539, 0.283679, 0.992454
0.235, 0.282749, 0.285262, 0.991192
0.24, 0.283931, 0.286833, 0.989883
0.245, 0.285084, 0.288394, 0.988523
0.25, 0.286209, 0.289944, 0.98712
0.255, 0.287307, 0.291482, 0.985677
0.26, 0.288379, 0.293013, 0.984186
0.265, 0.289426, 0.294536, 0.982647
0.27, 0.290447, 0.296054, 0.981062
0.275, 0.291445, 0.297567, 0.979428
0.28, 0.29242, 0.299075, 0.977749
0.285, 0.293373, 0.300579, 0.976025
0.29, 0.294304, 0.302083, 0.974251
0.295, 0.295216, 0.303588, 0.972423
0.3, 0.296109, 0.305095, 0.970546
0.305, 0.296983, 0.306602, 0.968627
0.31, 0.29784, 0.308112, 0.966662
0.315, 0.298681, 0.309629, 0.964641
0.32, 0.299508, 0.311157, 0.962562
0.325, 0.30032, 0.312692, 0.960435
0.33, 0.301119, 0.314235, 0.958261
0.335, 0.301906, 0.315789, 0.956037
0.34, 0.302683, 0.317358, 0.953759
0.345, 0.30345, 0.318942, 0.951427
0.35, 0.304209, 0.320544, 0.949041
0.355, 0.304961, 0.322164, 0.9466
0.36, 0.305706, 0.323806, 0.944102
0.365, 0.306446, 0.325468, 0.941555
0.37, 0.307182, 0.327151, 0.93896
0.375, 0.307914, 0.328858, 0.936314
0.38, 0.308645, 0.330594, 0.933608
0.385, 0.309376, 0.332361, 0.930842
0.39, 0.310107, 0.334158, 0.928023
0.395, 0.310838, 0.335985, 0.925156
0.4, 0.311572, 0.33784, 0.922246
0.405, 0.312309, 0.33973, 0.919285
0.41, 0.313051, 0.341659, 0.916268
0.415, 0.313799, 0.343628, 0.913193
0.42, 0.314554, 0.345639, 0.910065
0.425, 0.315316, 0.347689, 0.906892
0.43, 0.316087, 0.349781, 0.903673
0.435, 0.316867, 0.351914, 0.900411
0.44, 0.317658, 0.354093, 0.897101
0.445, 0.31846, 0.356321, 0.893744
0.45, 0.319275, 0.358598, 0.890343
0.455, 0.320103, 0.360925, 0.886898
0.46, 0.320946, 0.363304, 0.88341
0.465, 0.321804, 0.365736, 0.879881
0.47, 0.322678, 0.368222, 0.876312
0.475, 0.323568, 0.370763, 0.872708
0.48, 0.324477, 0.37336, 0.86907
0.485, 0.325403, 0.376015, 0.865398
0.49, 0.326348, 0.378728, 0.861696
0.495, 0.327313, 0.381499, 0.857966
0.5, 0.328297, 0.384328, 0.85421
0.505, 0.329308, 0.387211, 0.850462
0.51, 0.330336, 0.390161, 0.846666
0.515, 0.331379, 0.39318, 0.842819
0.52, 0.332442, 0.396268, 0.838934
0.525, 0.333471, 0.39943, 0.834866
0.53, 0.334563, 0.402653, 0.830897
0.535, 0.335722, 0.405935, 0.827034
0.54, 0.336933, 0.409277, 0.823239
0.545, 0.338375, 0.412671, 0.819962
0.55, 0.339732, 0.416133, 0.816403
0.555, 0.340961, 0.419665, 0.81246
0.56, 0.342103, 0.423266, 0.808247
0.565, 0.342865, 0.426938, 0.803078
0.57, 0.343662, 0.430676, 0.797959
0.575, 0.344835, 0.434473, 0.793686
0.58, 0.34631, 0.438329, 0.790069
0.585, 0.348087, 0.442243, 0.787093
0.59, 0.350276, 0.446212, 0.784999
0.595, 0.352241, 0.450247, 0.782328
0.6, 0.354031, 0.454344, 0.779215
0.605, 0.355699, 0.458502, 0.775785
0.61, 0.357281, 0.462718, 0.772135
0.615, 0.358866, 0.46699, 0.768465
0.62, 0.36048, 0.471316, 0.764837
0.625, 0.362123, 0.475692, 0.761254
0.63, 0.363795, 0.480118, 0.75772
0.635, 0.365497, 0.484591, 0.754239
0.64, 0.367228, 0.489108, 0.750813
0.645, 0.368989, 0.493666, 0.747447
0.65, 0.370779, 0.498261, 0.744147
0.655, 0.372599, 0.502891, 0.740915
0.66, 0.374449, 0.507553, 0.737754
0.665, 0.376329, 0.512241, 0.734671
0.67, 0.378239, 0.516953, 0.73167
0.675, 0.380181, 0.521686, 0.728754
0.68, 0.382153, 0.526434, 0.725928
0.685, 0.384157, 0.53119, 0.723201
0.69, 0.386193, 0.535952, 0.720573
0.695, 0.388261, 0.540714, 0.718053
0.7, 0.390362, 0.545469, 0.715646
0.705, 0.392497, 0.550211, 0.713358
0.71, 0.394667, 0.554931, 0.7112
0.715, 0.396873, 0.559627, 0.709174
0.72, 0.399116, 0.564291, 0.707288
0.725, 0.401398, 0.568914, 0.705551
0.73, 0.40372, 0.573485, 0.703976
0.735, 0.406085, 0.578003, 0.702565
0.74, 0.408495, 0.582458, 0.701328
0.745, 0.410951, 0.586837, 0.700282
0.75, 0.413459, 0.591126, 0.699442
0.755, 0.416017, 0.595324, 0.698807
0.76, 0.418634, 0.599418, 0.698401
0.765, 0.421278, 0.603394, 0.698181
0.77, 0.423965, 0.607239, 0.698184
0.775, 0.426896, 0.61094, 0.698752
0.78, 0.429955, 0.614484, 0.6997
0.785, 0.432669, 0.617885, 0.700243
0.79, 0.435285, 0.621109, 0.700819
0.795, 0.438441, 0.624001, 0.702628
0.8, 0.441942, 0.626635, 0.705263
0.805, 0.445437, 0.629326, 0.707801
0.81, 0.448992, 0.631675, 0.710797
0.815, 0.452691, 0.63355, 0.714531
0.82, 0.456615, 0.635442, 0.718579
0.825, 0.460696, 0.63685, 0.723398
0.83, 0.465, 0.637958, 0.728888
0.835, 0.469546, 0.638714, 0.735142
0.84, 0.474361, 0.639093, 0.742241
0.845, 0.479479, 0.639068, 0.750278
0.85, 0.484937, 0.638615, 0.759357
0.855, 0.490776, 0.637703, 0.7696
0.86, 0.497046, 0.636301, 0.781149
0.865, 0.5038, 0.634378, 0.794165
0.87, 0.511105, 0.631899, 0.808839
0.875, 0.519031, 0.628826, 0.825397
0.88, 0.527666, 0.625121, 0.844102
0.885, 0.537109, 0.62074, 0.865271
0.89, 0.547477, 0.61564, 0.889281
0.895, 0.558909, 0.609769, 0.916592
0.9, 0.571548, 0.603077, 0.947721
0.0001, 2.5317, 2.9853, 0.848055
0.005, 0.656663, 0.709611, 0.925384
0.01, 0.519042, 0.55065, 0.942598
0.015, 0.45946, 0.481916, 0.953401
0.02, 0.42647, 0.44357, 0.961449
0.025, 0.406267, 0.419729, 0.967925
0.03, 0.393309, 0.404098, 0.9733
0.035, 0.384865, 0.393599, 0.977809
0.04, 0.379441, 0.386479, 0.98179
0.045, 0.376126, 0.381792, 0.98516
0.05, 0.374326, 0.378836, 0.988097
0.055, 0.373654, 0.377165, 0.99069
0.06, 0.373826, 0.376534, 0.992807
0.065, 0.37463, 0.376627, 0.994698
0.07, 0.375923, 0.377324, 0.996287
0.075, 0.377591, 0.378548, 0.997474
0.08, 0.379628, 0.38013, 0.998678
0.085, 0.381957, 0.382017, 0.999842
0.09, 0.383872, 0.384124, 0.999342
0.095, 0.385721, 0.386438, 0.998144
0.1, 0.388883, 0.389006, 0.999683
0.105, 0.393302, 0.391799, 1.00383
0.11, 0.396765, 0.394627, 1.00542
0.115, 0.399672, 0.397494, 1.00548
0.12, 0.4025, 0.400414, 1.00521
0.125, 0.405332, 0.403351, 1.00491
0.13, 0.408157, 0.406427, 1.00426
0.135, 0.410959, 0.409413, 1.00377
0.14, 0.413739, 0.412481, 1.00305
0.145, 0.416487, 0.415562, 1.00223
0.15, 0.419198, 0.418648, 1.00131
0.155, 0.421868, 0.42174, 1.0003
0.16, 0.424493, 0.424832, 0.999203
0.165, 0.42707, 0.427919, 0.998015
0.17, 0.429596, 0.431001, 0.996742
0.175, 0.432071, 0.434074, 0.995384
0.18, 0.434491, 0.437136, 0.993951
0.185, 0.436857, 0.440186, 0.992438
0.19, 0.439168, 0.443225, 0.990846
0.195, 0.441422, 0.446248, 0.989186
0.2, 0.443621, 0.449258, 0.987451
0.205, 0.445763, 0.452256, 0.985642
0.21, 0.447849, 0.455239, 0.983766
0.215, 0.449879, 0.458208, 0.981822
0.22, 0.451855, 0.461164, 0.979812
0.225, 0.453776, 0.46411, 0.977732
0.23, 0.455643, 0.467045, 0.975587
0.235, 0.457457, 0.469966, 0.973383
0.24, 0.45922, 0.472879, 0.971114
0.245, 0.460932, 0.475787, 0.968777
0.25, 0.462594, 0.478687, 0.966381
0.255, 0.464208, 0.481579, 0.963928
0.26, 0.465774, 0.484468, 0.961413
0.265, 0.467295, 0.487357, 0.958835
0.27, 0.468772, 0.490245, 0.956198
0.275, 0.470205, 0.493135, 0.953502
0.28, 0.471597, 0.496027, 0.95075
0.285, 0.472949, 0.498922, 0.947943
0.29, 0.474263, 0.501825, 0.945076
0.295, 0.47554, 0.50474, 0.942148
0.3, 0.476781, 0.507665, 0.939165
0.305, 0.477989, 0.510599, 0.936133
0.31, 0.479164, 0.513545, 0.933052
0.315, 0.48031, 0.516511, 0.929911
0.32, 0.481426, 0.519499, 0.926712
0.325, 0.482516, 0.522507, 0.923463
0.33, 0.48358, 0.525535, 0.920168
0.335, 0.484621, 0.528587, 0.916824
0.34, 0.48564, 0.531667, 0.913429
0.345, 0.486638, 0.534777, 0.909984
0.35, 0.487619, 0.53792, 0.90649
0.355, 0.488583, 0.541097, 0.902949
0.36, 0.489531, 0.544311, 0.899359
0.365, 0.490467, 0.547561, 0.89573
0.37, 0.491392, 0.550849, 0.892062
0.375, 0.492306, 0.554177, 0.888355
0.38, 0.493213, 0.557553, 0.884603
0.385, 0.494114, 0.56098, 0.880806
0.39, 0.495011, 0.564456, 0.876971
0.395, 0.495905, 0.567978, 0.873106
0.4, 0.496799, 0.571548, 0.869215
0.405, 0.497693, 0.575172, 0.865295
0.41, 0.49859, 0.578855, 0.861338
0.415, 0.499492, 0.582602, 0.857348
0.42, 0.500401, 0.586411, 0.853329
0.425, 0.501318, 0.590279, 0.849288
0.43, 0.502244, 0.594211, 0.845229
0.435, 0.503182, 0.598204, 0.841155
0.44, 0.504134, 0.602267, 0.837061
0.445, 0.505101, 0.6064, 0.83295
0.45, 0.506085, 0.610605, 0.828825
0.455, 0.507088, 0.614884, 0.824689
0.46, 0.508112, 0.619238, 0.820544
0.465, 0.509158, 0.623668, 0.816393
0.47, 0.510228, 0.628175, 0.812238
0.475, 0.511325, 0.632761, 0.808085
0.48, 0.512449, 0.637427, 0.803934
0.485, 0.513606, 0.642174, 0.799793
0.49, 0.514793, 0.647002, 0.795659
0.495, 0.516009, 0.65191, 0.791533
0.5, 0.517256, 0.656901, 0.787419
0.505, 0.51854, 0.661963, 0.783337
0.51, 0.519861, 0.66712, 0.779262
0.515, 0.52122, 0.672373, 0.775196
0.52, 0.522623, 0.67772, 0.771148
0.525, 0.523995, 0.683173, 0.767002
0.53, 0.52547, 0.688707, 0.76298
0.535, 0.527048, 0.694318, 0.759087
0.54, 0.528711, 0.700009, 0.755292
0.545, 0.530899, 0.705767, 0.75223
0.55, 0.532875, 0.711616, 0.748823
0.555, 0.534548, 0.71756, 0.744952
0.56, 0.536031, 0.723595, 0.740788
0.565, 0.536413, 0.729728, 0.735086
0.57, 0.536951, 0.735947, 0.729605
0.575, 0.538672, 0.742243, 0.725736
0.58, 0.541337, 0.748615, 0.723117
0.585, 0.544949, 0.755062, 0.721727
0.59, 0.549897, 0.761579, 0.722048
0.595, 0.554038, 0.768181, 0.721233
0.6, 0.557552, 0.774865, 0.719547
0.605, 0.560619, 0.781627, 0.717246
0.61, 0.563377, 0.788464, 0.714525
0.615, 0.566134, 0.795372, 0.711785
0.62, 0.568986, 0.802347, 0.709152
0.625, 0.571937, 0.809387, 0.70663
0.63, 0.57499, 0.816489, 0.704223
0.635, 0.57815, 0.823648, 0.701938
0.64, 0.58142, 0.830862, 0.699779
0.645, 0.584803, 0.838126, 0.697751
0.65, 0.588305, 0.845435, 0.695861
0.655, 0.59193, 0.852786, 0.694114
0.66, 0.595683, 0.860173, 0.692515
0.665, 0.599568, 0.867591, 0.691072
0.67, 0.603591, 0.875035, 0.689791
0.675, 0.607757, 0.8825, 0.688676
0.68, 0.612072, 0.889979, 0.687737
0.685, 0.616542, 0.897464, 0.686982
0.69, 0.621172, 0.904951, 0.686416
0.695, 0.625971, 0.91243, 0.686049
0.7, 0.630945, 0.919894, 0.685889
0.705, 0.636102, 0.927334, 0.685947
0.71, 0.641449, 0.93474, 0.686233
0.715, 0.646995, 0.942105, 0.686755
0.72, 0.65275, 0.949422, 0.687524
0.725, 0.658721, 0.956676, 0.688552
0.73, 0.664921, 0.963855, 0.689856
0.735, 0.671358, 0.970954, 0.691442
0.74, 0.678047, 0.977961, 0.693327
0.745, 0.684996, 0.984858, 0.695528
0.75, 0.692224, 0.991631, 0.698066
0.755, 0.699731, 0.998271, 0.700943
0.76, 0.70754, 1.00476, 0.704187
0.765, 0.715655, 1.01109, 0.707807
0.77, 0.724096, 1.01723, 0.711832
0.775, 0.733084, 1.02317, 0.716485
0.78, 0.742514, 1.02888, 0.721669
0.785, 0.751499, 1.0344, 0.726505
0.79, 0.760647, 1.03968, 0.73162
0.795, 0.771997, 1.04449, 0.739115
0.8, 0.784613, 1.04894, 0.748007
0.805, 0.796647, 1.05341, 0.756253
0.81, 0.80874, 1.05743, 0.764813
0.815, 0.821422, 1.06085, 0.774307
0.82, 0.834733, 1.06422, 0.784364
0.825, 0.848703, 1.06694, 0.795457
0.83, 0.86339, 1.06923, 0.807487
0.835, 0.878844, 1.07103, 0.820563
0.84, 0.895124, 1.07229, 0.834782
0.845, 0.912294, 1.07297, 0.85025
0.85, 0.930425, 1.07305, 0.867087
0.855, 0.949596, 1.07247, 0.885433
0.86, 0.969895, 1.07118, 0.905445
0.865, 0.991422, 1.06915, 0.927303
0.87, 1.01429, 1.06631, 0.951219
0.875, 1.03862, 1.0626, 0.977429
0.88, 1.06456, 1.05798, 1.00622
0.885, 1.09227, 1.05236, 1.03792
0.89, 1.12195, 1.04568, 1.07294
0.895, 1.15375, 1.03785, 1.11168
0.9, 1.18803, 1.02879, 1.15478
0.0001, 3.76001, 4.33383, 0.867594
0.005, 0.88206, 0.943023, 0.935353
0.01, 0.683861, 0.720656, 0.948943
0.015, 0.598825, 0.625745, 0.95698
0.02, 0.551894, 0.573183, 0.962857
0.025, 0.523153, 0.540658, 0.967622
0.03, 0.504665, 0.519391, 0.971647
0.035, 0.492536, 0.505118, 0.975091
0.04, 0.484651, 0.495435, 0.978234
0.045, 0.47972, 0.489037, 0.980948
0.05, 0.476906, 0.484967, 0.983378
0.055, 0.475665, 0.482626, 0.985576
0.06, 0.475598, 0.481669, 0.987397
0.065, 0.476415, 0.481683, 0.989064
0.07, 0.477913, 0.482499, 0.990495
0.075, 0.479945, 0.484011, 0.9916
0.08, 0.482444, 0.486, 0.992683
0.085, 0.485326, 0.488395, 0.993717
0.09, 0.487796, 0.491083, 0.993306
0.095, 0.490246, 0.494044, 0.992311
0.1, 0.494305, 0.497332, 0.993915
0.105, 0.499912, 0.500907, 0.998014
0.11, 0.504307, 0.504536, 0.999546
0.115, 0.507999, 0.508224, 0.999557
0.12, 0.511595, 0.511984, 0.99924
0.125, 0.515198, 0.515775, 0.998882
0.13, 0.518793, 0.519735, 0.998186
0.135, 0.522364, 0.523596, 0.997647
0.14, 0.525906, 0.527561, 0.996864
0.145, 0.529408, 0.531545, 0.995981
0.15, 0.532863, 0.535539, 0.995004
0.155, 0.536266, 0.539544, 0.993924
0.16, 0.539611, 0.543552, 0.992749
0.165, 0.542894, 0.547557, 0.991484
0.17, 0.546114, 0.551559, 0.990128
0.175, 0.549266, 0.555553, 0.988683
0.18, 0.552351, 0.559536, 0.987159
0.185, 0.555365, 0.563508, 0.98555
0.19, 0.558309, 0.567469, 0.983858
0.195, 0.561181, 0.571413, 0.982094
0.2, 0.563982, 0.575344, 0.980253
0.205, 0.566712, 0.579262, 0.978336
0.21, 0.569372, 0.583165, 0.976348
0.215, 0.571961, 0.587053, 0.974291
0.22, 0.57448, 0.590929, 0.972166
0.225, 0.576932, 0.594793, 0.96997
0.23, 0.579316, 0.598647, 0.967708
0.235, 0.581634, 0.602488, 0.965388
0.24, 0.583888, 0.60632, 0.963003
0.245, 0.586079, 0.610149, 0.960552
0.25, 0.588209, 0.61397, 0.958042
0.255, 0.590279, 0.617784, 0.955478
0.26, 0.592291, 0.621597, 0.952854
0.265, 0.594248, 0.625411, 0.950171
0.27, 0.59615, 0.629227, 0.947432
0.275, 0.598001, 0.633047, 0.944639
0.28, 0.599801, 0.636871, 0.941794
0.285, 0.601554, 0.640701, 0.9389
0.29, 0.603261, 0.644542, 0.935952
0.295, 0.604924, 0.648399, 0.932951
0.3, 0.606546, 0.652269, 0.929902
0.305, 0.608129, 0.656153, 0.92681
0.31, 0.609675, 0.660053, 0.923676
0.315, 0.611187, 0.663977, 0.920493
0.32, 0.612666, 0.667929, 0.917261
0.325, 0.614115, 0.671906, 0.913989
0.33, 0.615536, 0.675908, 0.910681
0.335, 0.616932, 0.679939, 0.907334
0.34, 0.618305, 0.684005, 0.903947
0.345, 0.619657, 0.688108, 0.900523
0.35, 0.620991, 0.69225, 0.897062
0.355, 0.62231, 0.696433, 0.893567
0.36, 0.623614, 0.700661, 0.890037
0.365, 0.624908, 0.704932, 0.88648
0.37, 0.626193, 0.709248, 0.882898
0.375, 0.627472, 0.713613, 0.87929
0.38, 0.628748, 0.718033, 0.875653
0.385, 0.630022, 0.722513, 0.871987
0.39, 0.631297, 0.72705, 0.868299
0.395, 0.632576, 0.731643, 0.864596
0.4, 0.633861, 0.736293, 0.860881
0.405, 0.635154, 0.741004, 0.857153
0.41, 0.636458, 0.745786, 0.853407
0.415, 0.637776, 0.75064, 0.849644
0.42, 0.63911, 0.755566, 0.845869
0.425, 0.640463, 0.760563, 0.842091
0.43, 0.641836, 0.765631, 0.83831
0.435, 0.643234, 0.770772, 0.834531
0.44, 0.644657, 0.775993, 0.830751
0.445, 0.646108, 0.781295, 0.826971
0.45, 0.647591, 0.78668, 0.823196
0.455, 0.649108, 0.792149, 0.819427
0.46, 0.650661, 0.797704, 0.815667
0.465, 0.652254, 0.803347, 0.81192
0.47, 0.653888, 0.809078, 0.808189
0.475, 0.655566, 0.814899, 0.804475
0.48, 0.65729, 0.82081, 0.800783
0.485, 0.659067, 0.826814, 0.797116
0.49, 0.660894, 0.832911, 0.793475
0.495, 0.662772, 0.839098, 0.789862
0.5, 0.664705, 0.84538, 0.78628
0.505, 0.666695, 0.851742, 0.782742
0.51, 0.668748, 0.858211, 0.779235
0.515, 0.67087, 0.86479, 0.775761
0.52, 0.673063, 0.871476, 0.772326
0.525, 0.675278, 0.878282, 0.768862
0.53, 0.677607, 0.885178, 0.765504
0.535, 0.680053, 0.892161, 0.762253
0.54, 0.682603, 0.899234, 0.759094
0.545, 0.685752, 0.906381, 0.756582
0.55, 0.688693, 0.91363, 0.753798
0.555, 0.691335, 0.920986, 0.750647
0.56, 0.693812, 0.928446, 0.747283
0.565, 0.694966, 0.936015, 0.742473
0.57, 0.696371, 0.943682, 0.73793
0.575, 0.699313, 0.951433, 0.73501
0.58, 0.703478, 0.95927, 0.733348
0.585, 0.70888, 0.967189, 0.732928
0.59, 0.716033, 0.975184, 0.734255
0.595, 0.722118, 0.983276, 0.734401
0.6, 0.727377, 0.991459, 0.733643
0.605, 0.732052, 0.99973, 0.73225
0.61, 0.736329, 1.00808, 0.730424
0.615, 0.740622, 1.01652, 0.728587
0.62, 0.745061, 1.02502, 0.726871
0.625, 0.749652, 1.0336, 0.72528
0.63, 0.7544, 1.04225, 0.723818
0.635, 0.75931, 1.05096, 0.72249
0.64, 0.764388, 1.05973, 0.721302
0.645, 0.769639, 1.06856, 0.720258
0.65, 0.775069, 1.07744, 0.719365
0.655, 0.780685, 1.08636, 0.718627
0.66, 0.786493, 1.09532, 0.718051
0.665, 0.7925, 1.10431, 0.717643
0.67, 0.798713, 1.11333, 0.717408
0.675, 0.80514, 1.12238, 0.717353
0.68, 0.811787, 1.13143, 0.717485
0.685, 0.818664, 1.1405, 0.717813
0.69, 0.825778, 1.14956, 0.718343
0.695, 0.833138, 1.15861, 0.719083
0.7, 0.840754, 1.16765, 0.720042
0.705, 0.848636, 1.17665, 0.721229
0.71, 0.856793, 1.18562, 0.722656
0.715, 0.865237, 1.19454, 0.724329
0.72, 0.873979, 1.2034, 0.726261
0.725, 0.88303, 1.21218, 0.728462
0.73, 0.892404, 1.22089, 0.730948
0.735, 0.902113, 1.2295, 0.733726
0.74, 0.912174, 1.238, 0.736813
0.745, 0.922598, 1.24638, 0.740224
0.75, 0.933404, 1.25461, 0.743979
0.755, 0.944601, 1.26269, 0.748085
0.76, 0.956212, 1.2706, 0.752564
0.765, 0.968252, 1.27833, 0.757437
0.77, 0.980741, 1.28584, 0.762726
0.775, 0.993861, 1.29311, 0.76858
0.78, 1.00754, 1.30014, 0.77495
0.785, 1.0209, 1.30693, 0.781142
0.79, 1.03459, 1.31345, 0.78769
0.795, 1.05092, 1.31944, 0.796493
0.8, 1.06877, 1.32501, 0.806612
0.805, 1.08588, 1.33058, 0.816092
0.81, 1.10305, 1.33565, 0.825856
0.815, 1.12096, 1.34004, 0.836509
0.82, 1.13963, 1.34435, 0.847723
0.825, 1.15913, 1.34793, 0.859931
0.83, 1.17949, 1.35101, 0.873041
0.835, 1.20077, 1.35352, 0.887152
0.84, 1.22305, 1.3554, 0.902349
0.845, 1.24637, 1.35662, 0.91873
0.85, 1.27082, 1.35713, 0.9364
0.855, 1.29648, 1.35688, 0.955486
0.86, 1.32344, 1.35581, 0.976126
0.865, 1.3518, 1.35386, 0.99848
0.87, 1.38168, 1.35097, 1.02273
0.875, 1.41319, 1.34706, 1.04909
0.88, 1.44649, 1.34207, 1.0778
0.885, 1.48175, 1.33592, 1.10916
0.89, 1.51913, 1.3285, 1.14349
0.895, 1.55881, 1.31973, 1.18115
0.9, 1.60123, 1.3095, 1.22278
