# mu value:
1.414214
# numXVals
36
# x, SAL, SAL3HO, SAL5HO, GRVHO
0.0001, 5.1432, 1.55987, 4.36355, 7.05731
0.0002, 3.46351, 1.36337, 3.57215, 6.09394
0.0003, 2.74798, 1.25976, 3.17691, 5.58039
0.0004, 2.33168, 1.19081, 2.92285, 5.23695
0.0005, 2.05258, 1.13977, 2.73962, 4.98199
0.0006, 1.84942, 1.09957, 2.59832, 4.78085
0.0007, 1.69335, 1.06657, 2.48435, 4.61567
0.0008, 1.56877, 1.03871, 2.38957, 4.47611
0.0009, 1.46647, 1.01467, 2.30888, 4.35568
0.001, 1.38058, 0.99357, 2.2389, 4.25003
0.002, 0.927189, 0.863649, 1.82636, 3.60151
0.003, 0.733652, 0.793975, 1.61893, 3.25713
0.004, 0.620823, 0.746933, 1.48473, 3.02718
0.005, 0.54503, 0.711653, 1.38732, 2.85658
0.006, 0.489753, 0.683532, 1.31172, 2.72198
0.007, 0.447204, 0.660186, 1.25037, 2.61141
0.008, 0.413178, 0.640261, 1.19904, 2.51794
0.009, 0.385182, 0.62289, 1.15508, 2.43727
0.01, 0.361634, 0.607495, 1.11672, 2.36634
0.02, 0.236295, 0.508669, 0.884504, 1.92881
0.03, 0.181853, 0.451658, 0.761483, 1.69339
0.04, 0.149625, 0.410908, 0.67825, 1.53409
0.05, 0.12768, 0.378879, 0.615432, 1.41439
0.06, 0.111481, 0.35232, 0.564979, 1.31881
0.07, 0.0988796, 0.32952, 0.52278, 1.23939
0.08, 0.0887086, 0.309492, 0.486521, 1.17153
0.09, 0.080273, 0.291589, 0.45471, 1.11233
0.1, 0.0731293, 0.275399, 0.426419, 1.05984
0.2, 0.0345977, 0.165335, 0.244517, 0.723278
0.3, 0.018395, 0.101586, 0.146254, 0.531537
0.4, 0.00983203, 0.0609411, 0.0859763, 0.397422
0.5, 0.00501027, 0.03495, 0.0483612, 0.294514
0.6, 0.00231205, 0.018996, 0.0256368, 0.211019
0.7, 0.00089335, 0.00994645, 0.0128412, 0.14078
0.8, 0.000245297, 0.00532109, 0.00635607, 0.0809877
0.9, 2.86712e-05, 0.00291547, 0.00317577, 0.0321835
0.0001, 0.283756, 0.0519987, 0.0276068, 0.417463
0.0002, 0.253998, 0.0580617, 0.0239924, 0.353519
0.0003, 0.238075, 0.0624313, 0.022553, 0.320214
0.0004, 0.227398, 0.0659389, 0.0218471, 0.298312
0.0005, 0.219457, 0.0689087, 0.0214903, 0.282274
0.0006, 0.213183, 0.0715051, 0.0213292, 0.269771
0.0007, 0.208025, 0.0738253, 0.0212887, 0.259612
0.0008, 0.203663, 0.0759305, 0.0213284, 0.251112
0.0009, 0.199898, 0.0778635, 0.0214234, 0.243843
0.001, 0.196593, 0.0796547, 0.0215579, 0.237519
0.002, 0.17632, 0.0930011, 0.0237603, 0.200016
0.003, 0.165627, 0.10218, 0.0263068, 0.18128
0.004, 0.158566, 0.109367, 0.0288076, 0.169387
0.005, 0.153398, 0.115348, 0.0312071, 0.160956
0.006, 0.149384, 0.120507, 0.0335018, 0.154584
0.007, 0.146141, 0.125066, 0.0356993, 0.14956
0.008, 0.143449, 0.129161, 0.0378089, 0.145478
0.009, 0.141167, 0.132888, 0.0398396, 0.142096
0.01, 0.139202, 0.136314, 0.0417993, 0.139227
0.02, 0.128267, 0.160945, 0.0586051, 0.124477
0.03, 0.123702, 0.176857, 0.0722075, 0.119318
0.04, 0.121382, 0.1886, 0.0838641, 0.117316
0.05, 0.120111, 0.197801, 0.094144, 0.116753
0.06, 0.119389, 0.205255, 0.103365, 0.116945
0.07, 0.118965, 0.211419, 0.111731, 0.117567
0.08, 0.118699, 0.216577, 0.119378, 0.118443
0.09, 0.118508, 0.220926, 0.126405, 0.119464
0.1, 0.11834, 0.224605, 0.132891, 0.12057
0.2, 0.114496, 0.239255, 0.176783, 0.131311
0.3, 0.106447, 0.232591, 0.195851, 0.138626
0.4, 0.0973483, 0.21487, 0.198686, 0.143531
0.5, 0.0896619, 0.190041, 0.189289, 0.147159
0.6, 0.0844964, 0.160139, 0.169977, 0.148793
0.7, 0.0817072, 0.126332, 0.142154, 0.144795
0.8, 0.079757, 0.089206, 0.106521, 0.127656
0.9, 0.0745, 0.0484504, 0.0626199, 0.0851198
0.0001, 0.283905, 0.0520008, 0.027621, 0.41254
0.0002, 0.254295, 0.0580662, 0.0240206, 0.351513
0.0003, 0.23852, 0.0624382, 0.0225949, 0.319462
0.0004, 0.227991, 0.0659483, 0.0219029, 0.298274
0.0005, 0.220197, 0.0689206, 0.0215597, 0.282702
0.0006, 0.214071, 0.0715196, 0.0214124, 0.270526
0.0007, 0.20906, 0.0738423, 0.0213856, 0.260611
0.0008, 0.204846, 0.0759502, 0.0214389, 0.2523
0.0009, 0.201228, 0.0778858, 0.0215475, 0.245181
0.001, 0.198071, 0.0796796, 0.0216956, 0.23898
0.002, 0.179264, 0.0930529, 0.0240333, 0.202098
0.003, 0.170025, 0.10226, 0.0267138, 0.183672
0.004, 0.164407, 0.109475, 0.0293475, 0.17204
0.005, 0.160672, 0.115484, 0.0318788, 0.163868
0.006, 0.158078, 0.120671, 0.0343044, 0.157763
0.007, 0.156245, 0.125257, 0.0366319, 0.153017
0.008, 0.154952, 0.129381, 0.0388705, 0.149224
0.009, 0.154057, 0.133136, 0.0410294, 0.146143
0.01, 0.153469, 0.13659, 0.0431163, 0.143579
0.02, 0.155717, 0.161497, 0.0611481, 0.13218
0.03, 0.163319, 0.177672, 0.0758974, 0.130576
0.04, 0.172216, 0.189665, 0.0886275, 0.132153
0.05, 0.181272, 0.199104, 0.0999123, 0.135127
0.06, 0.190044, 0.206783, 0.110074, 0.138784
0.07, 0.198335, 0.21316, 0.11932, 0.142785
0.08, 0.206058, 0.21852, 0.12779, 0.146951
0.09, 0.213177, 0.223061, 0.135588, 0.151164
0.1, 0.219686, 0.226922, 0.142794, 0.155368
0.2, 0.256165, 0.243051, 0.191791, 0.192535
0.3, 0.26029, 0.237705, 0.213803, 0.221853
0.4, 0.253919, 0.221683, 0.219217, 0.250914
0.5, 0.249712, 0.199294, 0.213194, 0.285637
0.6, 0.253343, 0.172714, 0.198611, 0.324126
0.7, 0.264893, 0.142908, 0.176716, 0.3514
0.8, 0.27861, 0.109531, 0.146884, 0.33549
0.9, 0.278168, 0.0689114, 0.104006, 0.228291
0.0001, 0.0851615, 0.0251604, 0.0259668, 0.416597
0.0002, 0.0762686, 0.0256606, 0.0215103, 0.351027
0.0003, 0.0715262, 0.0262585, 0.0193903, 0.316524
0.0004, 0.0683577, 0.0268281, 0.0180916, 0.293649
0.0005, 0.0660098, 0.0273571, 0.0171995, 0.27678
0.0006, 0.064162, 0.027848, 0.0165452, 0.263544
0.0007, 0.062649, 0.0283056, 0.0160439, 0.252725
0.0008, 0.0613751, 0.0287343, 0.0156488, 0.243622
0.0009, 0.0602797, 0.029138, 0.0153307, 0.235796
0.001, 0.0593227, 0.0295199, 0.0150703, 0.228952
0.002, 0.053583, 0.0325497, 0.0139596, 0.187465
0.003, 0.0507143, 0.0347711, 0.013839, 0.165857
0.004, 0.0489327, 0.0365661, 0.0140238, 0.151628
0.005, 0.0477166, 0.03809, 0.0143395, 0.141189
0.006, 0.0468439, 0.0394235, 0.0147199, 0.133033
0.007, 0.0462, 0.0406147, 0.0151342, 0.126391
0.008, 0.0457186, 0.0416943, 0.0155666, 0.120823
0.009, 0.0453578, 0.0426839, 0.0160081, 0.116054
0.01, 0.0450896, 0.043599, 0.0164533, 0.111889
0.02, 0.0448852, 0.0503141, 0.0207448, 0.086977
0.03, 0.0463545, 0.0547565, 0.02456, 0.0743374
0.04, 0.0482757, 0.0580793, 0.0279605, 0.0662405
0.05, 0.0503041, 0.0607076, 0.0310281, 0.060481
0.06, 0.0523028, 0.062852, 0.0338213, 0.0561312
0.07, 0.0542093, 0.0646356, 0.0363823, 0.05272
0.08, 0.0559934, 0.0661358, 0.038742, 0.0499761
0.09, 0.0576417, 0.067406, 0.0409237, 0.0477257
0.1, 0.0591493, 0.0684852, 0.0429472, 0.0458584
0.2, 0.0674049, 0.0728756, 0.0568317, 0.0376386
0.3, 0.0678309, 0.0710593, 0.0630671, 0.0374419
0.4, 0.0657376, 0.0660873, 0.0644466, 0.0414677
0.5, 0.0642437, 0.0591855, 0.0623836, 0.0493841
0.6, 0.0647464, 0.0509807, 0.0576809, 0.0602272
0.7, 0.0672556, 0.041769, 0.0507125, 0.0701684
0.8, 0.0703262, 0.0315047, 0.0413747, 0.070887
0.9, 0.0698726, 0.0193094, 0.0284426, 0.0495975
0.0001, 0.0, 0.0136604, 0.0252621, 0.0
0.0002, 0.0, 0.0117789, 0.0204431, 0.0
0.0003, 0.0, 0.0107627, 0.0180301, 0.0
0.0004, 0.0, 0.0100757, 0.016476, 0.0
0.0005, 0.0, 0.00956121, 0.0153534, 0.0
0.0006, 0.0, 0.0091523, 0.0144866, 0.0
0.0007, 0.0, 0.00881419, 0.0137866, 0.0
0.0008, 0.0, 0.00852701, 0.0132041, 0.0
0.0009, 0.0, 0.00827797, 0.0127078, 0.0
0.001, 0.0, 0.00805852, 0.0122772, 0.0
0.002, 0.0, 0.00669379, 0.0097375, 0.0
0.003, 0.0, 0.00596089, 0.00846596, 0.0
0.004, 0.0, 0.00547288, 0.00765101, 0.0
0.005, 0.0, 0.00511475, 0.00706709, 0.0
0.006, 0.0, 0.00483681, 0.00662095, 0.0
0.007, 0.0, 0.00461295, 0.00626518, 0.0
0.008, 0.0, 0.00442815, 0.00597328, 0.0
0.009, 0.0, 0.0042727, 0.00572847, 0.0
0.01, 0.0, 0.00414005, 0.00551966, 0.0
0.02, 0.0, 0.00345241, 0.00440686, 0.0
0.03, 0.0, 0.003243, 0.00399666, 0.0
0.04, 0.0, 0.00320769, 0.00383487, 0.0
0.05, 0.0, 0.00325612, 0.00379294, 0.0
0.06, 0.0, 0.00334986, 0.00381746, 0.0
0.07, 0.0, 0.00346932, 0.00388146, 0.0
0.08, 0.0, 0.00360378, 0.00397017, 0.0
0.09, 0.0, 0.00374649, 0.00407416, 0.0
0.1, 0.0, 0.00389403, 0.00418878, 0.0
0.2, 0.0, 0.00536617, 0.00548279, 0.0
0.3, 0.0, 0.00694639, 0.00699534, 0.0
0.4, 0.0, 0.00913653, 0.00915633, 0.0
0.5, 0.0, 0.0123581, 0.0123653, 0.0
0.6, 0.0, 0.0167735, 0.0167757, 0.0
0.7, 0.0, 0.0221041, 0.0221046, 0.0
0.8, 0.0, 0.0271009, 0.0271009, 0.0
0.9, 0.0, 0.0272813, 0.0272813, 0.0
0.0001, 0.0, -5.20417e-18, -4.33681e-18, 0.0
0.0002, 0.0, -3.38563e-18, -1.72409e-18, 0.0
0.0003, 0.0, 1.34347e-18, 6.1718e-19, 0.0
0.0004, 0.0, -5.02627e-18, -1.53284e-19, 0.0
0.0005, 0.0, -8.29941e-19, -8.63956e-19, 0.0
0.0006, 0.0, -6.9882e-18, -2.42719e-18, 0.0
0.0007, 0.0, -3.45087e-18, -2.21581e-18, 0.0
0.0008, 0.0, -6.17747e-18, -1.74445e-18, 0.0
0.0009, 0.0, -5.74537e-18, -1.65114e-18, 0.0
0.001, 0.0, -4.33681e-18, -1.73472e-18, 0.0
0.002, 0.0, -1.79445e-18, -2.1722e-18, 0.0
0.003, 0.0, -4.16654e-18, -9.25656e-19, 0.0
0.004, 0.0, -5.52976e-18, -4.62678e-19, 0.0
0.005, 0.0, -5.29655e-18, -2.157e-18, 0.0
0.006, 0.0, -6.35916e-18, -6.13889e-19, 0.0
0.007, 0.0, -3.29981e-18, -2.02107e-18, 0.0
0.008, 0.0, -8.75036e-18, -2.95605e-18, 0.0
0.009, 0.0, -1.11666e-17, -1.49594e-18, 0.0
0.01, 0.0, -1.04083e-17, -1.30104e-18, 0.0
0.02, 0.0, -9.11197e-18, -2.67217e-18, 0.0
0.03, 0.0, -1.87155e-18, -8.06619e-19, 0.0
0.04, 0.0, -2.04254e-17, -4.29284e-18, 0.0
0.05, 0.0, -1.56889e-17, -1.03893e-17, 0.0
0.06, 0.0, -9.05165e-18, -5.83708e-18, 0.0
0.07, 0.0, -1.70046e-17, -6.82412e-18, 0.0
0.08, 0.0, -1.73451e-17, -6.46542e-18, 0.0
0.09, 0.0, -1.42297e-17, -4.70831e-18, 0.0
0.1, 0.0, -6.93889e-18, -5.20417e-18, 0.0
0.2, 0.0, -7.51754e-18, -6.94011e-18, 0.0
0.3, 0.0, -1.2025e-17, -2.33817e-18, 0.0
0.4, 0.0, -5.80755e-18, -9.67409e-18, 0.0
0.5, 0.0, -5.03102e-18, -1.39765e-17, 0.0
0.6, 0.0, -1.41322e-17, -1.73592e-17, 0.0
0.7, 0.0, -6.89516e-18, -1.18446e-17, 0.0
0.8, 0.0, -4.60905e-18, -5.1268e-19, 0.0
0.9, 0.0, -7.78578e-18, -8.08324e-18, 0.0
