# mu value:
1.414214
# numXVals
36
# x, SAL, SAL3LO, SAL5LO, GRVLO
0.0001, 5.1432, 5.8475, 3.63257, 15.68
0.0002, 3.46351, 4.58327, 3.1662, 12.7969
0.0003, 2.74798, 3.97423, 2.92009, 11.3239
0.0004, 2.33168, 3.59141, 2.75633, 10.3657
0.0005, 2.05258, 3.3198, 2.63517, 9.66911
0.0006, 1.84942, 3.11306, 2.53982, 9.12875
0.0007, 1.69335, 2.94806, 2.4616, 8.6913
0.0008, 1.56877, 2.81211, 2.3956, 8.32625
0.0009, 1.46647, 2.69728, 2.3387, 8.01472
0.001, 1.38058, 2.5984, 2.28879, 7.74406
0.002, 0.927189, 2.02965, 1.9826, 6.14122
0.003, 0.733652, 1.75367, 1.81951, 5.33434
0.004, 0.620823, 1.57908, 1.71, 4.81447
0.005, 0.54503, 1.45448, 1.62825, 4.43924
0.006, 0.489753, 1.35909, 1.56335, 4.1498
0.007, 0.447204, 1.28257, 1.50966, 3.9166
0.008, 0.413178, 1.21919, 1.46397, 3.72282
0.009, 0.385182, 1.16539, 1.42425, 3.55817
0.01, 0.361634, 1.11883, 1.38913, 3.41527
0.02, 0.236295, 0.845386, 1.16545, 2.5785
0.03, 0.181853, 0.707299, 1.03752, 2.16297
0.04, 0.149625, 0.617015, 0.946282, 1.89709
0.05, 0.12768, 0.550728, 0.874534, 1.70598
0.06, 0.111481, 0.498721, 0.814927, 1.55891
0.07, 0.0988796, 0.456094, 0.763627, 1.44056
0.08, 0.0887086, 0.420124, 0.718436, 1.34229
0.09, 0.080273, 0.389077, 0.677911, 1.25868
0.1, 0.0731293, 0.361857, 0.641162, 1.18626
0.2, 0.0345977, 0.195987, 0.38794, 0.759445
0.3, 0.018395, 0.112875, 0.238111, 0.543636
0.4, 0.00983203, 0.0640582, 0.141072, 0.402124
0.5, 0.00501027, 0.0343976, 0.0780876, 0.296805
0.6, 0.00231205, 0.0167619, 0.0388373, 0.211855
0.7, 0.00089335, 0.00694051, 0.0162479, 0.139799
0.8, 0.000245297, 0.00215462, 0.00502497, 0.0779978
0.9, 2.86712e-05, 0.000363176, 0.000823074, 0.0283648
0.0001, 0.283756, 0.0562093, 0.00895573, 0.257165
0.0002, 0.253998, 0.0620441, 0.00867432, 0.216975
0.0003, 0.238075, 0.0663963, 0.00873842, 0.19644
0.0004, 0.227398, 0.0699229, 0.00891079, 0.18315
0.0005, 0.219457, 0.0729176, 0.00912939, 0.173558
0.0006, 0.213183, 0.0755374, 0.00937037, 0.166179
0.0007, 0.208025, 0.0778773, 0.00962259, 0.16026
0.0008, 0.203663, 0.0799983, 0.00988038, 0.155368
0.0009, 0.199898, 0.0819431, 0.0101405, 0.151234
0.001, 0.196593, 0.0837429, 0.010401, 0.14768
0.002, 0.17632, 0.0970556, 0.0129061, 0.127674
0.003, 0.165627, 0.1061, 0.0151867, 0.118721
0.004, 0.158566, 0.113115, 0.0172869, 0.113629
0.005, 0.153398, 0.118911, 0.0192481, 0.110416
0.006, 0.149384, 0.123879, 0.0210986, 0.10828
0.007, 0.146141, 0.128247, 0.0228583, 0.106823
0.008, 0.143449, 0.132152, 0.0245415, 0.105823
0.009, 0.141167, 0.135692, 0.026159, 0.105155
0.01, 0.139202, 0.138933, 0.0277191, 0.104709
0.02, 0.128267, 0.161909, 0.041178, 0.105809
0.03, 0.123702, 0.176446, 0.0522567, 0.109753
0.04, 0.121382, 0.187014, 0.0619028, 0.114026
0.05, 0.120111, 0.195189, 0.0705287, 0.11815
0.06, 0.119389, 0.201732, 0.0783624, 0.122008
0.07, 0.118965, 0.207078, 0.0855486, 0.125581
0.08, 0.118699, 0.211497, 0.0921851, 0.128881
0.09, 0.118508, 0.215174, 0.0983433, 0.131923
0.1, 0.11834, 0.218239, 0.104078, 0.134729
0.2, 0.114496, 0.228864, 0.144586, 0.153289
0.3, 0.106447, 0.220432, 0.164287, 0.160898
0.4, 0.0973483, 0.202189, 0.169738, 0.161921
0.5, 0.0896619, 0.177656, 0.164162, 0.158242
0.6, 0.0844964, 0.148688, 0.149543, 0.150713
0.7, 0.0817072, 0.116455, 0.127194, 0.13952
0.8, 0.079757, 0.0818117, 0.0979674, 0.124003
0.9, 0.0745, 0.0454843, 0.062155, 0.101153
0.0001, 0.283905, 0.0562121, 0.00897139, 0.255709
0.0002, 0.254295, 0.0620497, 0.00870542, 0.214619
0.0003, 0.23852, 0.0664047, 0.00878488, 0.1941
0.0004, 0.227991, 0.069934, 0.00897255, 0.18103
0.0005, 0.220197, 0.0729315, 0.00920639, 0.171715
0.0006, 0.214071, 0.0755541, 0.00946259, 0.164625
0.0007, 0.20906, 0.0778967, 0.00972999, 0.15899
0.0008, 0.204846, 0.0800205, 0.0100029, 0.154372
0.0009, 0.201228, 0.0819681, 0.0102782, 0.1505
0.001, 0.198071, 0.0837706, 0.0105538, 0.147195
0.002, 0.179264, 0.0971107, 0.0132088, 0.129124
0.003, 0.170025, 0.106182, 0.0156379, 0.121484
0.004, 0.164407, 0.113225, 0.0178852, 0.11738
0.005, 0.160672, 0.119047, 0.0199924, 0.114961
0.006, 0.158078, 0.124042, 0.021988, 0.113488
0.007, 0.156245, 0.128436, 0.0238918, 0.112602
0.008, 0.154952, 0.132368, 0.0257181, 0.112106
0.009, 0.154057, 0.135934, 0.0274779, 0.11189
0.01, 0.153469, 0.139201, 0.0291794, 0.111855
0.02, 0.155717, 0.162433, 0.0440071, 0.115944
0.03, 0.163319, 0.177216, 0.0563792, 0.122082
0.04, 0.172216, 0.188019, 0.0672492, 0.128309
0.05, 0.181272, 0.196418, 0.0770333, 0.1343
0.06, 0.190044, 0.203176, 0.085963, 0.139993
0.07, 0.198335, 0.208729, 0.094186, 0.145394
0.08, 0.206058, 0.213346, 0.101803, 0.150527
0.09, 0.213177, 0.217211, 0.108888, 0.155407
0.1, 0.219686, 0.220457, 0.115499, 0.160064
0.2, 0.256165, 0.232533, 0.162488, 0.197495
0.3, 0.26029, 0.225121, 0.185962, 0.223791
0.4, 0.253919, 0.207794, 0.19422, 0.242337
0.5, 0.249712, 0.18439, 0.191842, 0.254427
0.6, 0.253343, 0.157081, 0.181792, 0.261085
0.7, 0.264893, 0.127339, 0.165887, 0.264603
0.8, 0.27861, 0.0963102, 0.144845, 0.269914
0.9, 0.278168, 0.0649624, 0.117346, 0.279136
0.0001, 0.0851615, 0.0247433, 0.00810638, 0.251511
0.0002, 0.0762686, 0.0247796, 0.00733694, 0.211306
0.0003, 0.0715262, 0.0252588, 0.00699444, 0.190337
0.0004, 0.0683577, 0.0257969, 0.00680549, 0.176525
0.0005, 0.0660098, 0.0263262, 0.00669313, 0.166393
0.0006, 0.064162, 0.026831, 0.00662555, 0.15848
0.0007, 0.062649, 0.0273085, 0.00658664, 0.152038
0.0008, 0.0613751, 0.0277598, 0.00656748, 0.146638
0.0009, 0.0602797, 0.0281869, 0.00656248, 0.142012
0.001, 0.0593227, 0.0285921, 0.00656798, 0.13798
0.002, 0.053583, 0.0318106, 0.0068801, 0.113856
0.003, 0.0507143, 0.0341478, 0.00733941, 0.101572
0.004, 0.0489327, 0.0360153, 0.00782587, 0.0936248
0.005, 0.0477166, 0.0375854, 0.00831316, 0.0878817
0.006, 0.0468439, 0.0389477, 0.00879327, 0.0834544
0.007, 0.0462, 0.0401558, 0.0092636, 0.0798926
0.008, 0.0457186, 0.0412436, 0.0097235, 0.0769394
0.009, 0.0453578, 0.0422349, 0.0101731, 0.0744373
0.01, 0.0450896, 0.0431468, 0.0106127, 0.0722715
0.02, 0.0448852, 0.0497055, 0.014569, 0.0598049
0.03, 0.0463545, 0.0539244, 0.0179608, 0.0538558
0.04, 0.0482757, 0.0570202, 0.0209747, 0.0501939
0.05, 0.0503041, 0.0594313, 0.0237051, 0.0476557
0.06, 0.0523028, 0.0613722, 0.0262074, 0.0457673
0.07, 0.0542093, 0.0629661, 0.0285185, 0.0442947
0.08, 0.0559934, 0.06429, 0.0306642, 0.0431074
0.09, 0.0576417, 0.0653966, 0.0326634, 0.0421239
0.1, 0.0591493, 0.0663235, 0.0345316, 0.0412937
0.2, 0.0674049, 0.069659, 0.0478569, 0.0368804
0.3, 0.0678309, 0.0672912, 0.0544943, 0.0352599
0.4, 0.0657376, 0.0619957, 0.0567061, 0.0351314
0.5, 0.0642437, 0.0548813, 0.055739, 0.0365486
0.6, 0.0647464, 0.0465698, 0.0524, 0.0398003
0.7, 0.0672556, 0.0374776, 0.0471902, 0.0451084
0.8, 0.0703262, 0.0279268, 0.0403291, 0.0522873
0.9, 0.0698726, 0.0181902, 0.0315244, 0.0596242
0.0001, 0.0, 0.0112606, 0.00774091, 0.0
0.0002, 0.0, 0.00881475, 0.00676088, 0.0
0.0003, 0.0, 0.00763683, 0.0062427, 0.0
0.0004, 0.0, 0.00689688, 0.00589749, 0.0
0.0005, 0.0, 0.00637237, 0.00564191, 0.0
0.0006, 0.0, 0.00597353, 0.0054407, 0.0
0.0007, 0.0, 0.00565563, 0.00527564, 0.0
0.0008, 0.0, 0.00539406, 0.00513642, 0.0
0.0009, 0.0, 0.00517346, 0.00501643, 0.0
0.001, 0.0, 0.00498382, 0.00491127, 0.0
0.002, 0.0, 0.00390361, 0.00427006, 0.0
0.003, 0.0, 0.00339354, 0.00393561, 0.0
0.004, 0.0, 0.00308167, 0.00371746, 0.0
0.005, 0.0, 0.00286781, 0.00356024, 0.0
0.006, 0.0, 0.0027114, 0.00344036, 0.0
0.007, 0.0, 0.00259214, 0.00334554, 0.0
0.008, 0.0, 0.00249883, 0.00326877, 0.0
0.009, 0.0, 0.00242444, 0.00320555, 0.0
0.01, 0.0, 0.00236439, 0.00315285, 0.0
0.02, 0.0, 0.00214312, 0.0029216, 0.0
0.03, 0.0, 0.00218469, 0.00291453, 0.0
0.04, 0.0, 0.00231264, 0.00299105, 0.0
0.05, 0.0, 0.00247847, 0.00310833, 0.0
0.06, 0.0, 0.00266236, 0.00324758, 0.0
0.07, 0.0, 0.00285443, 0.00339882, 0.0
0.08, 0.0, 0.00304932, 0.00355639, 0.0
0.09, 0.0, 0.00324369, 0.00371656, 0.0
0.1, 0.0, 0.00343581, 0.00387726, 0.0
0.2, 0.0, 0.00509732, 0.00532617, 0.0
0.3, 0.0, 0.00634877, 0.0064675, 0.0
0.4, 0.0, 0.00751761, 0.00757625, 0.0
0.5, 0.0, 0.00899786, 0.00902429, 0.0
0.6, 0.0, 0.0111984, 0.0112087, 0.0
0.7, 0.0, 0.0145138, 0.0145169, 0.0
0.8, 0.0, 0.0193318, 0.0193324, 0.0
0.9, 0.0, 0.0259707, 0.0259708, 0.0
0.0001, 0.0, -5.87363e-32, -4.33681e-19, 0.0
0.0002, 0.0, -2.87417e-18, -4.76619e-19, 0.0
0.0003, 0.0, 2.94577e-18, -1.03223e-18, 0.0
0.0004, 0.0, 2.49656e-19, -4.44404e-19, 0.0
0.0005, 0.0, -6.90437e-18, -2.11764e-19, 0.0
0.0006, 0.0, -4.95234e-18, -5.45168e-19, 0.0
0.0007, 0.0, -2.66974e-18, -2.14554e-19, 0.0
0.0008, 0.0, -4.08723e-18, -4.50571e-19, 0.0
0.0009, 0.0, -7.19785e-18, -6.8908e-19, 0.0
0.001, 0.0, -4.33681e-18, -6.50521e-19, 0.0
0.002, 0.0, -2.11257e-18, -2.30047e-20, 0.0
0.003, 0.0, -7.35035e-18, 1.73367e-19, 0.0
0.004, 0.0, -6.55532e-18, -2.73571e-19, 0.0
0.005, 0.0, -3.39571e-18, -1.73377e-18, 0.0
0.006, 0.0, -3.35733e-18, -1.54805e-18, 0.0
0.007, 0.0, -8.55941e-18, -4.38392e-19, 0.0
0.008, 0.0, -6.64918e-18, -8.07098e-19, 0.0
0.009, 0.0, -8.10474e-18, -4.57493e-19, 0.0
0.01, 0.0, -1.04083e-17, -8.67362e-19, 0.0
0.02, 0.0, -8.41931e-18, -2.898e-18, 0.0
0.03, 0.0, -1.21294e-17, -1.9873e-18, 0.0
0.04, 0.0, -1.62166e-17, -4.5926e-18, 0.0
0.05, 0.0, 8.889e-20, -1.77528e-20, 0.0
0.06, 0.0, 8.43639e-19, -5.60599e-18, 0.0
0.07, 0.0, -1.04072e-17, -1.07213e-17, 0.0
0.08, 0.0, -3.2965e-18, -4.80974e-18, 0.0
0.09, 0.0, -4.6411e-18, -5.61956e-18, 0.0
0.1, 0.0, -6.93889e-18, -3.46945e-18, 0.0
0.2, 0.0, -5.36494e-18, -5.55324e-18, 0.0
0.3, 0.0, -1.17828e-17, -9.12498e-18, 0.0
0.4, 0.0, -1.02029e-17, -6.70644e-18, 0.0
0.5, 0.0, -1.37321e-17, -4.88531e-18, 0.0
0.6, 0.0, 4.51238e-19, -5.54341e-18, 0.0
0.7, 0.0, -7.88672e-18, -6.75824e-18, 0.0
0.8, 0.0, -6.81248e-18, -1.06961e-17, 0.0
0.9, 0.0, -4.69501e-18, -9.23203e-18, 0.0
