# mu values:
1.414214
# num_x_vals
36
# x, GRVEvolved, GRVExact, SAL, SAL3Evolved, SAL5Evolved
0.0001, 15.2708, 15.68, 3.11292, 5.8475, 3.63257
0.0002, 12.4758, 12.7969, 2.73291, 4.58327, 3.1662
0.0003, 11.0472, 11.3239, 2.53219, 3.97423, 2.92009
0.0004, 10.1173, 10.3657, 2.39857, 3.59141, 2.75633
0.0005, 9.44106, 9.66911, 2.29965, 3.3198, 2.63517
0.0006, 8.91653, 9.12875, 2.22174, 3.11306, 2.53982
0.0007, 8.49164, 8.6913, 2.15783, 2.94806, 2.4616
0.0008, 8.13708, 8.32625, 2.10387, 2.81211, 2.3956
0.0009, 7.83444, 8.01472, 2.05732, 2.69728, 2.3387
0.001, 7.5714, 7.74406, 2.01649, 2.5984, 2.28879
0.002, 6.01307, 6.14122, 1.76555, 2.02965, 1.9826
0.003, 5.22792, 5.33434, 1.63145, 1.75367, 1.81951
0.004, 4.72159, 4.81447, 1.54118, 1.57908, 1.71
0.005, 4.35596, 4.43924, 1.47362, 1.45448, 1.62825
0.006, 4.07391, 4.1498, 1.41983, 1.35909, 1.56335
0.007, 3.84642, 3.9166, 1.37524, 1.28257, 1.50966
0.008, 3.65741, 3.72282, 1.33721, 1.21919, 1.46397
0.009, 3.49665, 3.55817, 1.30406, 1.16539, 1.42425
0.01, 3.3572, 3.41527, 1.2747, 1.11883, 1.38913
0.02, 2.5396, 2.5785, 1.08585, 0.845386, 1.16545
0.03, 2.13296, 2.16297, 0.975902, 0.707299, 1.03752
0.04, 1.87248, 1.89709, 0.896378, 0.617015, 0.946282
0.05, 1.68511, 1.70598, 0.833082, 0.550728, 0.874534
0.06, 1.54089, 1.55891, 0.779942, 0.498721, 0.814927
0.07, 1.42471, 1.44056, 0.733807, 0.456094, 0.763627
0.08, 1.32823, 1.34229, 0.692833, 0.420124, 0.718436
0.09, 1.24606, 1.25868, 0.655848, 0.389077, 0.677911
0.1, 1.17497, 1.18626, 0.62206, 0.361857, 0.641162
0.2, 0.755668, 0.759445, 0.383674, 0.195987, 0.38794
0.3, 0.5428, 0.543636, 0.238225, 0.112875, 0.238111
0.4, 0.402731, 0.402124, 0.142146, 0.0640582, 0.141072
0.5, 0.298034, 0.296805, 0.0788913, 0.0343976, 0.0780876
0.6, 0.213299, 0.211855, 0.0390356, 0.0167619, 0.0388373
0.7, 0.141074, 0.139799, 0.0159992, 0.00694051, 0.0162479
0.8, 0.0789834, 0.0779978, 0.00462335, 0.00215462, 0.00502497
0.9, 0.0290025, 0.0283648, 0.000565303, 0.000363176, 0.000823074
0.0001, 0.248906, 0.257165, 0.00118324, 0.0562093, 0.00895573
0.0002, 0.210269, 0.216975, 0.00186585, 0.0620441, 0.00867432
0.0003, 0.19054, 0.19644, 0.00243563, 0.0663963, 0.00873842
0.0004, 0.177776, 0.18315, 0.00294266, 0.0699229, 0.00891079
0.0005, 0.168568, 0.173558, 0.0034076, 0.0729176, 0.00912939
0.0006, 0.16149, 0.166179, 0.00384153, 0.0755374, 0.00937037
0.0007, 0.155812, 0.16026, 0.00425127, 0.0778773, 0.00962259
0.0008, 0.151123, 0.155368, 0.00464137, 0.0799983, 0.00988038
0.0009, 0.147162, 0.151234, 0.00501506, 0.0819431, 0.0101405
0.001, 0.143757, 0.14768, 0.00537476, 0.0837429, 0.010401
0.002, 0.124638, 0.127674, 0.00847671, 0.0970556, 0.0129061
0.003, 0.116128, 0.118721, 0.0110634, 0.1061, 0.0151867
0.004, 0.111316, 0.113629, 0.0133621, 0.113115, 0.0172869
0.005, 0.108304, 0.110416, 0.0154668, 0.118911, 0.0192481
0.006, 0.106322, 0.10828, 0.0174278, 0.123879, 0.0210986
0.007, 0.104987, 0.106823, 0.0192763, 0.128247, 0.0228583
0.008, 0.10409, 0.105823, 0.021033, 0.132152, 0.0245415
0.009, 0.103504, 0.105155, 0.0227127, 0.135692, 0.026159
0.01, 0.103133, 0.104709, 0.0243264, 0.138933, 0.0277191
0.02, 0.104666, 0.105809, 0.0380912, 0.161909, 0.041178
0.03, 0.108832, 0.109753, 0.0493168, 0.176446, 0.0522567
0.04, 0.113258, 0.114026, 0.0590583, 0.187014, 0.0619028
0.05, 0.117501, 0.11815, 0.0677577, 0.195189, 0.0705287
0.06, 0.121459, 0.122008, 0.075655, 0.201732, 0.0783624
0.07, 0.125117, 0.125581, 0.0828997, 0.207078, 0.0855486
0.08, 0.128493, 0.128881, 0.0895932, 0.211497, 0.0921851
0.09, 0.131602, 0.131923, 0.0958085, 0.215174, 0.0983433
0.1, 0.134471, 0.134729, 0.101601, 0.218239, 0.104078
0.2, 0.153414, 0.153289, 0.142777, 0.228864, 0.144586
0.3, 0.161126, 0.160898, 0.163257, 0.220432, 0.164287
0.4, 0.162112, 0.161921, 0.169436, 0.202189, 0.169738
0.5, 0.158365, 0.158242, 0.164373, 0.177656, 0.164162
0.6, 0.150857, 0.150713, 0.149885, 0.148688, 0.149543
0.7, 0.139847, 0.13952, 0.127115, 0.116455, 0.127194
0.8, 0.124763, 0.124003, 0.0967044, 0.0818117, 0.0979674
0.9, 0.102627, 0.101153, 0.0586553, 0.0454843, 0.062155
0.0001, 0.24716, 0.255709, 0.00119498, 0.0562121, 0.00897139
0.0002, 0.208041, 0.214619, 0.00188932, 0.0620497, 0.00870542
0.0003, 0.188462, 0.1941, 0.00247084, 0.0664047, 0.00878488
0.0004, 0.175969, 0.18103, 0.00298958, 0.069934, 0.00897255
0.0005, 0.167057, 0.171715, 0.00346624, 0.0729315, 0.00920639
0.0006, 0.160271, 0.164625, 0.00391189, 0.0755541, 0.00946259
0.0007, 0.154873, 0.15899, 0.00433333, 0.0778967, 0.00972999
0.0008, 0.150448, 0.154372, 0.00473513, 0.0800205, 0.0100029
0.0009, 0.146736, 0.1505, 0.00512051, 0.0819681, 0.0102782
0.001, 0.143565, 0.147195, 0.0054919, 0.0837706, 0.0105538
0.002, 0.12623, 0.129124, 0.00871039, 0.0971107, 0.0132088
0.003, 0.11891, 0.121484, 0.011413, 0.106182, 0.0156379
0.004, 0.114992, 0.11738, 0.013827, 0.113225, 0.0178852
0.005, 0.112696, 0.114961, 0.0160464, 0.119047, 0.0199924
0.006, 0.111315, 0.113488, 0.0181217, 0.124042, 0.021988
0.007, 0.110499, 0.112602, 0.0200837, 0.128436, 0.0238918
0.008, 0.110061, 0.112106, 0.0219534, 0.132368, 0.0257181
0.009, 0.109889, 0.11189, 0.0237454, 0.135934, 0.0274779
0.01, 0.109897, 0.111855, 0.0254708, 0.139201, 0.0291794
0.02, 0.11424, 0.115944, 0.0403218, 0.162433, 0.0440071
0.03, 0.120544, 0.122082, 0.0525773, 0.177216, 0.0563792
0.04, 0.126914, 0.128309, 0.0632948, 0.188019, 0.0672492
0.05, 0.133035, 0.1343, 0.0729183, 0.196418, 0.0770333
0.06, 0.138848, 0.139993, 0.08169, 0.203176, 0.085963
0.07, 0.144357, 0.145394, 0.0897613, 0.208729, 0.094186
0.08, 0.14959, 0.150527, 0.0972357, 0.213346, 0.101803
0.09, 0.15456, 0.155407, 0.104188, 0.217211, 0.108888
0.1, 0.159302, 0.160064, 0.110676, 0.220457, 0.115499
0.2, 0.197178, 0.197495, 0.156918, 0.232533, 0.162488
0.3, 0.223389, 0.223791, 0.180188, 0.225121, 0.185962
0.4, 0.241723, 0.242337, 0.188279, 0.207794, 0.19422
0.5, 0.253859, 0.254427, 0.185313, 0.18439, 0.191842
0.6, 0.261169, 0.261085, 0.173809, 0.157081, 0.181792
0.7, 0.265902, 0.264603, 0.155187, 0.127339, 0.165887
0.8, 0.272513, 0.269914, 0.129742, 0.0963102, 0.144845
0.9, 0.281874, 0.279136, 0.0957589, 0.0649624, 0.117346
0.0001, 0.24345, 0.251511, 0.000357711, 0.0247433, 0.00810638
0.0002, 0.204724, 0.211306, 0.000565232, 0.0247796, 0.00733694
0.0003, 0.184524, 0.190337, 0.000738905, 0.0252588, 0.00699444
0.0004, 0.171213, 0.176525, 0.000893747, 0.0257969, 0.00680549
0.0005, 0.161448, 0.166393, 0.00103596, 0.0263262, 0.00669313
0.0006, 0.153822, 0.15848, 0.00116888, 0.026831, 0.00662555
0.0007, 0.147611, 0.152038, 0.00129453, 0.0273085, 0.00658664
0.0008, 0.142404, 0.146638, 0.00141429, 0.0277598, 0.00656748
0.0009, 0.137944, 0.142012, 0.00152912, 0.0281869, 0.00656248
0.001, 0.134054, 0.13798, 0.00163976, 0.0285921, 0.00656798
0.002, 0.110776, 0.113856, 0.00259754, 0.0318106, 0.0068801
0.003, 0.0989127, 0.101572, 0.0034006, 0.0341478, 0.00733941
0.004, 0.0912308, 0.0936248, 0.00411711, 0.0360153, 0.00782587
0.005, 0.0856774, 0.0878817, 0.00477529, 0.0375854, 0.00831316
0.006, 0.081396, 0.0834544, 0.00539025, 0.0389477, 0.00879327
0.007, 0.0779485, 0.0798926, 0.00597129, 0.0401558, 0.0092636
0.008, 0.0750906, 0.0769394, 0.00652465, 0.0412436, 0.0097235
0.009, 0.0726668, 0.0744373, 0.00705477, 0.0422349, 0.0101731
0.01, 0.0705703, 0.0722715, 0.00756496, 0.0431468, 0.0106127
0.02, 0.0584964, 0.0598049, 0.0119478, 0.0497055, 0.014569
0.03, 0.0527395, 0.0538558, 0.0155558, 0.0539244, 0.0179608
0.04, 0.0492027, 0.0501939, 0.018706, 0.0570202, 0.0209747
0.05, 0.0467581, 0.0476557, 0.0215314, 0.0594313, 0.0237051
0.06, 0.0449461, 0.0457673, 0.0241047, 0.0613722, 0.0262074
0.07, 0.0435366, 0.0442947, 0.0264709, 0.0629661, 0.0285185
0.08, 0.0424048, 0.0431074, 0.0286612, 0.06429, 0.0306642
0.09, 0.0414704, 0.0421239, 0.0306979, 0.0653966, 0.0326634
0.1, 0.0406847, 0.0412937, 0.0325978, 0.0663235, 0.0345316
0.2, 0.0365634, 0.0368804, 0.0461327, 0.069659, 0.0478569
0.3, 0.0350754, 0.0352599, 0.0529277, 0.0672912, 0.0544943
0.4, 0.0350057, 0.0351314, 0.0552275, 0.0619957, 0.0567061
0.5, 0.0364595, 0.0365486, 0.0541978, 0.0548813, 0.055739
0.6, 0.0397756, 0.0398003, 0.0505477, 0.0465698, 0.0524
0.7, 0.0451816, 0.0451084, 0.0446847, 0.0374776, 0.0471902
0.8, 0.0525192, 0.0522873, 0.0367202, 0.0279268, 0.0403291
0.9, 0.0600862, 0.0596242, 0.0262541, 0.0181902, 0.0315244
0.0001, 0.0306963, 0.0, 0.0, 0.0112606, 0.00774091
0.0002, 0.024924, 0.0, 0.0, 0.00881475, 0.00676088
0.0003, 0.0219829, 0.0, 0.0, 0.00763683, 0.0062427
0.0004, 0.0200729, 0.0, 0.0, 0.00689688, 0.00589749
0.0005, 0.0186867, 0.0, 0.0, 0.00637237, 0.00564191
0.0006, 0.0176134, 0.0, 0.0, 0.00597353, 0.0054407
0.0007, 0.0167452, 0.0, 0.0, 0.00565563, 0.00527564
0.0008, 0.016022, 0.0, 0.0, 0.00539406, 0.00513642
0.0009, 0.0154055, 0.0, 0.0, 0.00517346, 0.00501643
0.001, 0.0148704, 0.0, 0.0, 0.00498382, 0.00491127
0.002, 0.0117207, 0.0, 0.0, 0.00390361, 0.00427006
0.003, 0.0101551, 0.0, 0.0, 0.00339354, 0.00393561
0.004, 0.0091592, 0.0, 0.0, 0.00308167, 0.00371746
0.005, 0.00845028, 0.0, 0.0, 0.00286781, 0.00356024
0.006, 0.00791163, 0.0, 0.0, 0.0027114, 0.00344036
0.007, 0.00748405, 0.0, 0.0, 0.00259214, 0.00334554
0.008, 0.00713457, 0.0, 0.0, 0.00249883, 0.00326877
0.009, 0.00684228, 0.0, 0.0, 0.00242444, 0.00320555
0.01, 0.00659356, 0.0, 0.0, 0.00236439, 0.00315285
0.02, 0.00527041, 0.0, 0.0, 0.00214312, 0.0029216
0.03, 0.00476922, 0.0, 0.0, 0.00218469, 0.00291453
0.04, 0.00455225, 0.0, 0.0, 0.00231264, 0.00299105
0.05, 0.00447156, 0.0, 0.0, 0.00247847, 0.00310833
0.06, 0.00446672, 0.0, 0.0, 0.00266236, 0.00324758
0.07, 0.00450745, 0.0, 0.0, 0.00285443, 0.00339882
0.08, 0.0045771, 0.0, 0.0, 0.00304932, 0.00355639
0.09, 0.00466527, 0.0, 0.0, 0.00324369, 0.00371656
0.1, 0.00476565, 0.0, 0.0, 0.00343581, 0.00387726
0.2, 0.00589053, 0.0, 0.0, 0.00509732, 0.00532617
0.3, 0.00687367, 0.0, 0.0, 0.00634877, 0.0064675
0.4, 0.00786895, 0.0, 0.0, 0.00751761, 0.00757625
0.5, 0.0092247, 0.0, 0.0, 0.00899786, 0.00902429
0.6, 0.0113332, 0.0, 0.0, 0.0111984, 0.0112087
0.7, 0.0145827, 0.0, 0.0, 0.0145138, 0.0145169
0.8, 0.0193582, 0.0, 0.0, 0.0193318, 0.0193324
0.9, 0.0259758, 0.0, 0.0, 0.0259707, 0.0259708
0.0001, -6.93889e-18, 0.0, 0.0, -5.87363e-32, -4.33681e-19
0.0002, 2.90003e-21, 0.0, 0.0, -2.87417e-18, -4.76619e-19
0.0003, -1.16093e-17, 0.0, 0.0, 2.94577e-18, -1.03223e-18
0.0004, -2.90756e-18, 0.0, 0.0, 2.49656e-19, -4.44404e-19
0.0005, -1.02622e-17, 0.0, 0.0, -6.90437e-18, -2.11764e-19
0.0006, -1.19254e-17, 0.0, 0.0, -4.95234e-18, -5.45168e-19
0.0007, -7.45399e-18, 0.0, 0.0, -2.66974e-18, -2.14554e-19
0.0008, -4.68773e-18, 0.0, 0.0, -4.08723e-18, -4.50571e-19
0.0009, -1.54315e-17, 0.0, 0.0, -7.19785e-18, -6.8908e-19
0.001, -1.56125e-17, 0.0, 0.0, -4.33681e-18, -6.50521e-19
0.002, 3.35965e-18, 0.0, 0.0, -2.11257e-18, -2.30047e-20
0.003, -1.86054e-18, 0.0, 0.0, -7.35035e-18, 1.73367e-19
0.004, 1.19234e-19, 0.0, 0.0, -6.55532e-18, -2.73571e-19
0.005, -8.61155e-18, 0.0, 0.0, -3.39571e-18, -1.73377e-18
0.006, -8.57581e-18, 0.0, 0.0, -3.35733e-18, -1.54805e-18
0.007, -1.69646e-18, 0.0, 0.0, -8.55941e-18, -4.38392e-19
0.008, -4.78907e-18, 0.0, 0.0, -6.64918e-18, -8.07098e-19
0.009, -1.88168e-18, 0.0, 0.0, -8.10474e-18, -4.57493e-19
0.01, -3.46945e-18, 0.0, 0.0, -1.04083e-17, -8.67362e-19
0.02, -5.22622e-18, 0.0, 0.0, -8.41931e-18, -2.898e-18
0.03, -4.74318e-18, 0.0, 0.0, -1.21294e-17, -1.9873e-18
0.04, -1.92422e-18, 0.0, 0.0, -1.62166e-17, -4.5926e-18
0.05, -1.73208e-18, 0.0, 0.0, 8.889e-20, -1.77528e-20
0.06, -6.43935e-18, 0.0, 0.0, 8.43639e-19, -5.60599e-18
0.07, -4.97517e-18, 0.0, 0.0, -1.04072e-17, -1.07213e-17
0.08, -7.27483e-18, 0.0, 0.0, -3.2965e-18, -4.80974e-18
0.09, -4.43599e-18, 0.0, 0.0, -4.6411e-18, -5.61956e-18
0.1, -1.38778e-17, 0.0, 0.0, -6.93889e-18, -3.46945e-18
0.2, -1.0437e-17, 0.0, 0.0, -5.36494e-18, -5.55324e-18
0.3, -1.21833e-17, 0.0, 0.0, -1.17828e-17, -9.12498e-18
0.4, -1.3605e-17, 0.0, 0.0, -1.02029e-17, -6.70644e-18
0.5, -4.55105e-18, 0.0, 0.0, -1.37321e-17, -4.88531e-18
0.6, -2.07621e-17, 0.0, 0.0, 4.51238e-19, -5.54341e-18
0.7, -9.69919e-18, 0.0, 0.0, -7.88672e-18, -6.75824e-18
0.8, -1.97264e-17, 0.0, 0.0, -6.81248e-18, -1.06961e-17
0.9, -3.20397e-20, 0.0, 0.0, -4.69501e-18, -9.23203e-18
0.0001, 1.5404246000000001, 1.5287700000000002, 0.005471862, 0.2968506, 0.06754882
0.0002, 1.295916, 1.2858, 0.008640804, 0.3153763, 0.06295512
0.0003, 1.1710178, 1.161754, 0.011290749999999999, 0.33139326, 0.06152088
0.0004, 1.0900618, 1.08141, 0.013651974, 0.34510136, 0.06117264
0.0005, 1.0315194, 1.023332, 0.015819600000000003, 0.35709534, 0.06134164
0.0006, 0.9863928, 0.978568, 0.017844600000000002, 0.36779206, 0.06179842
0.0007, 0.9500824, 0.9425760000000001, 0.01975826, 0.37747625999999995, 0.06242972000000001
0.0008, 0.919994, 0.912756, 0.02158158, 0.38634532, 0.06317436
0.0009, 0.894495, 0.887492, 0.02332938, 0.39454311999999997, 0.06399521999999999
0.001, 0.8724928, 0.86571, 0.02501284, 0.40217884, 0.06486810000000001
0.002, 0.7467294, 0.741308, 0.03956928, 0.45976102, 0.07453011999999999
0.003, 0.6882116, 0.683554, 0.051754, 0.49964668, 0.08419924
0.004, 0.653396, 0.6492676, 0.06261242, 0.5308739399999999, 0.09343085999999999
0.005, 0.6302553599999999, 0.6265174, 0.07257698, 0.55682242, 0.1022278
0.006, 0.61388926, 0.6104448, 0.0818795, 0.5791601999999999, 0.11064046
0.007, 0.6018371000000001, 0.5986351999999999, 0.09066257999999999, 0.5988618800000001, 0.11871848
0.008, 0.59275234, 0.5897368, 0.0990221, 0.61652486, 0.12650374
0.009, 0.5858041599999999, 0.5829645999999999, 0.10702574000000001, 0.6325706800000002, 0.13403110000000001
0.01, 0.58038772, 0.5776709999999999, 0.11472432, 0.6472903799999999, 0.1413281
0.02, 0.56534562, 0.5631158, 0.18072159999999998, 0.7523812400000001, 0.2053514
0.03, 0.5737694400000001, 0.5713816, 0.2348998, 0.81954218, 0.25902246
0.04, 0.5878538999999999, 0.5850578000000001, 0.2821182, 0.86873168, 0.3062355
0.05, 0.60353132, 0.6002114000000001, 0.32441480000000006, 0.9070335400000001, 0.34875086
0.06, 0.61943964, 0.6155366000000001, 0.36289940000000004, 0.9378851199999999, 0.38756076
0.07, 0.6350361, 0.6305394, 0.3982638, 0.9632550600000002, 0.42330384000000004
0.08, 0.6501298, 0.6450308, 0.4309802, 0.98436464, 0.45641738
0.09, 0.6645953400000001, 0.6589077999999999, 0.46138880000000004, 1.0020505800000001, 0.48722252000000005
0.1, 0.6784467000000001, 0.6721733999999999, 0.4897496, 1.01691062, 0.51597172
0.2, 0.7860918600000001, 0.7753287999999999, 0.6916553999999999, 1.0723066399999999, 0.7205141399999999
0.3, 0.85292814, 0.8398978, 0.7927454, 1.03838594, 0.8224216
0.4, 0.8934192999999999, 0.8787788, 0.825885, 0.95899262, 0.8564807
0.5, 0.9158164, 0.8984352, 0.8077676, 0.85185032, 0.8415345799999999
0.6, 0.9262696, 0.9031966, 0.7484834, 0.7270743999999999, 0.7898874000000001
0.7, 0.9310266, 0.8984628, 0.6539734, 0.5915708000000001, 0.7095762000000001
0.8, 0.9383068, 0.8924085999999999, 0.5263332, 0.450761, 0.6049477999999999
0.9, 0.9411259999999999, 0.8798264, 0.3613366, 0.3092152, 0.47399240000000004
