# mu values:
1.414214
# num_x_vals
36
# x, apfel++, SAL, ratio
0.0001, 5.8475, 5.31268, 1.10067
0.0002, 4.58327, 4.15689, 1.10257
0.0003, 3.97423, 3.60072, 1.10373
0.0004, 3.59141, 3.25157, 1.10452
0.0005, 3.3198, 3.00403, 1.10512
0.0006, 3.11306, 2.81568, 1.10562
0.0007, 2.94806, 2.66555, 1.10599
0.0008, 2.81211, 2.54189, 1.10631
0.0009, 2.69728, 2.43749, 1.10658
0.001, 2.5984, 2.34767, 1.1068
0.002, 2.02965, 1.83197, 1.10791
0.003, 1.75367, 1.58257, 1.10811
0.004, 1.57908, 1.42524, 1.10794
0.005, 1.45448, 1.31317, 1.1076
0.006, 1.35909, 1.2275, 1.10721
0.007, 1.28257, 1.15889, 1.10672
0.008, 1.21919, 1.10212, 1.10622
0.009, 1.16539, 1.05398, 1.1057
0.01, 1.11883, 1.01238, 1.10515
0.02, 0.845386, 0.768601, 1.0999
0.03, 0.707299, 0.645787, 1.09525
0.04, 0.617015, 0.565485, 1.09112
0.05, 0.550728, 0.506431, 1.08747
0.06, 0.498721, 0.459984, 1.08421
0.07, 0.456094, 0.421834, 1.08122
0.08, 0.420124, 0.389544, 1.0785
0.09, 0.389077, 0.361605, 1.07597
0.1, 0.361857, 0.337025, 1.07368
0.2, 0.195987, 0.185263, 1.05788
0.3, 0.112875, 0.107539, 1.04962
0.4, 0.0640582, 0.0611728, 1.04717
0.5, 0.0343976, 0.0327157, 1.05141
0.6, 0.0167619, 0.0157049, 1.0673
0.7, 0.00694051, 0.00627413, 1.10621
0.8, 0.00215462, 0.00177329, 1.21504
0.9, 0.000363176, 0.000212621, 1.70809
0.0001, 0.0562093, 0.0446571, 1.25869
0.0002, 0.0620441, 0.0528884, 1.17311
0.0003, 0.0663963, 0.0583874, 1.13717
0.0004, 0.0699229, 0.0626306, 1.11643
0.0005, 0.0729176, 0.0661315, 1.10261
0.0006, 0.0755374, 0.0691356, 1.0926
0.0007, 0.0778773, 0.0717806, 1.08494
0.0008, 0.0799983, 0.0741524, 1.07884
0.0009, 0.0819431, 0.0763086, 1.07384
0.001, 0.0837429, 0.0782897, 1.06965
0.002, 0.0970556, 0.0926366, 1.0477
0.003, 0.1061, 0.102176, 1.0384
0.004, 0.113115, 0.109503, 1.03299
0.005, 0.118911, 0.115519, 1.02936
0.006, 0.123879, 0.120657, 1.0267
0.007, 0.128247, 0.12516, 1.02466
0.008, 0.132152, 0.129178, 1.02302
0.009, 0.135692, 0.132814, 1.02167
0.01, 0.138933, 0.136138, 1.02053
0.02, 0.161909, 0.159618, 1.01435
0.03, 0.176446, 0.174434, 1.01154
0.04, 0.187014, 0.1852, 1.0098
0.05, 0.195189, 0.193535, 1.00855
0.06, 0.201732, 0.200217, 1.00757
0.07, 0.207078, 0.205686, 1.00677
0.08, 0.211497, 0.210218, 1.00608
0.09, 0.215174, 0.214001, 1.00548
0.1, 0.218239, 0.217166, 1.00494
0.2, 0.228864, 0.22864, 1.00098
0.3, 0.220432, 0.220883, 0.997958
0.4, 0.202189, 0.203108, 0.995478
0.5, 0.177656, 0.178736, 0.993958
0.6, 0.148688, 0.149499, 0.994575
0.7, 0.116455, 0.116425, 1.00026
0.8, 0.0818117, 0.0801896, 1.02023
0.9, 0.0454843, 0.0412648, 1.10226
0.0001, 0.0562121, 0.0446571, 1.25875
0.0002, 0.0620497, 0.0528884, 1.17322
0.0003, 0.0664047, 0.0583874, 1.13731
0.0004, 0.069934, 0.0626306, 1.11661
0.0005, 0.0729315, 0.0661315, 1.10283
0.0006, 0.0755541, 0.0691356, 1.09284
0.0007, 0.0778967, 0.0717806, 1.08521
0.0008, 0.0800205, 0.0741524, 1.07913
0.0009, 0.0819681, 0.0763086, 1.07417
0.001, 0.0837706, 0.0782897, 1.07001
0.002, 0.0971107, 0.0926366, 1.0483
0.003, 0.106182, 0.102176, 1.0392
0.004, 0.113225, 0.109503, 1.03399
0.005, 0.119047, 0.115519, 1.03054
0.006, 0.124042, 0.120657, 1.02805
0.007, 0.128436, 0.12516, 1.02618
0.008, 0.132368, 0.129178, 1.02469
0.009, 0.135934, 0.132814, 1.02349
0.01, 0.139201, 0.136138, 1.0225
0.02, 0.162433, 0.159618, 1.01763
0.03, 0.177216, 0.174434, 1.01595
0.04, 0.188019, 0.1852, 1.01522
0.05, 0.196418, 0.193535, 1.0149
0.06, 0.203176, 0.200217, 1.01478
0.07, 0.208729, 0.205686, 1.0148
0.08, 0.213346, 0.210218, 1.01488
0.09, 0.217211, 0.214001, 1.015
0.1, 0.220457, 0.217166, 1.01516
0.2, 0.232533, 0.22864, 1.01703
0.3, 0.225121, 0.220883, 1.01919
0.4, 0.207794, 0.203108, 1.02307
0.5, 0.18439, 0.178736, 1.03163
0.6, 0.157081, 0.149499, 1.05072
0.7, 0.127339, 0.116425, 1.09374
0.8, 0.0963102, 0.0801896, 1.20103
0.9, 0.0649624, 0.0412648, 1.57428
0.0001, 0.0247433, 0.0133971, 1.84691
0.0002, 0.0247796, 0.0158665, 1.56176
0.0003, 0.0252588, 0.0175162, 1.44202
0.0004, 0.0257969, 0.0187892, 1.37297
0.0005, 0.0263262, 0.0198395, 1.32696
0.0006, 0.026831, 0.0207407, 1.29364
0.0007, 0.0273085, 0.0215342, 1.26815
0.0008, 0.0277598, 0.0222457, 1.24787
0.0009, 0.0281869, 0.0228926, 1.23127
0.001, 0.0285921, 0.0234869, 1.21737
0.002, 0.0318106, 0.027791, 1.14464
0.003, 0.0341478, 0.0306528, 1.11402
0.004, 0.0360153, 0.0328508, 1.09633
0.005, 0.0375854, 0.0346557, 1.08454
0.006, 0.0389477, 0.0361972, 1.07599
0.007, 0.0401558, 0.037548, 1.06945
0.008, 0.0412436, 0.0387535, 1.06426
0.009, 0.0422349, 0.0398442, 1.06
0.01, 0.0431468, 0.0408414, 1.05645
0.02, 0.0497055, 0.0478855, 1.03801
0.03, 0.0539244, 0.0523302, 1.03046
0.04, 0.0570202, 0.05556, 1.02628
0.05, 0.0594313, 0.0580605, 1.02361
0.06, 0.0613722, 0.060065, 1.02176
0.07, 0.0629661, 0.0617057, 1.02043
0.08, 0.06429, 0.0630655, 1.01942
0.09, 0.0653966, 0.0642003, 1.01863
0.1, 0.0663235, 0.0651497, 1.01802
0.2, 0.069659, 0.068592, 1.01556
0.3, 0.0672912, 0.0662649, 1.01549
0.4, 0.0619957, 0.0609323, 1.01745
0.5, 0.0548813, 0.0536207, 1.02351
0.6, 0.0465698, 0.0448496, 1.03835
0.7, 0.0374776, 0.0349276, 1.07301
0.8, 0.0279268, 0.0240569, 1.16087
0.9, 0.0181902, 0.0123794, 1.46939
0.0001, 0.0112606, 0, inf
0.0002, 0.00881475, 0, inf
0.0003, 0.00763683, 0, inf
0.0004, 0.00689688, 0, inf
0.0005, 0.00637237, 0, inf
0.0006, 0.00597353, 0, inf
0.0007, 0.00565563, 0, inf
0.0008, 0.00539406, 0, inf
0.0009, 0.00517346, 0, inf
0.001, 0.00498382, 0, inf
0.002, 0.00390361, 0, inf
0.003, 0.00339354, 0, inf
0.004, 0.00308167, 0, inf
0.005, 0.00286781, 0, inf
0.006, 0.0027114, 0, inf
0.007, 0.00259214, 0, inf
0.008, 0.00249883, 0, inf
0.009, 0.00242444, 0, inf
0.01, 0.00236439, 0, inf
0.02, 0.00214312, 0, inf
0.03, 0.00218469, 0, inf
0.04, 0.00231264, 0, inf
0.05, 0.00247847, 0, inf
0.06, 0.00266236, 0, inf
0.07, 0.00285443, 0, inf
0.08, 0.00304932, 0, inf
0.09, 0.00324369, 0, inf
0.1, 0.00343581, 0, inf
0.2, 0.00509732, 0, inf
0.3, 0.00634877, 0, inf
0.4, 0.00751761, 0, inf
0.5, 0.00899786, 0, inf
0.6, 0.0111984, 0, inf
0.7, 0.0145138, 0, inf
0.8, 0.0193318, 0, inf
0.9, 0.0259707, 0, inf
0.0001, -5.87363e-32, 0, -inf
0.0002, -2.87417e-18, 0, -inf
0.0003, 2.94577e-18, 0, inf
0.0004, 2.49656e-19, 0, inf
0.0005, -6.90437e-18, 0, -inf
0.0006, -4.95234e-18, 0, -inf
0.0007, -2.66974e-18, 0, -inf
0.0008, -4.08723e-18, 0, -inf
0.0009, -7.19785e-18, 0, -inf
0.001, -4.33681e-18, 0, -inf
0.002, -2.11257e-18, 0, -inf
0.003, -7.35035e-18, 0, -inf
0.004, -6.55532e-18, 0, -inf
0.005, -3.39571e-18, 0, -inf
0.006, -3.35733e-18, 0, -inf
0.007, -8.55941e-18, 0, -inf
0.008, -6.64918e-18, 0, -inf
0.009, -8.10474e-18, 0, -inf
0.01, -1.04083e-17, 0, -inf
0.02, -8.41931e-18, 0, -inf
0.03, -1.21294e-17, 0, -inf
0.04, -1.62166e-17, 0, -inf
0.05, 8.889e-20, 0, inf
0.06, 8.43639e-19, 0, inf
0.07, -1.04072e-17, 0, -inf
0.08, -3.2965e-18, 0, -inf
0.09, -4.6411e-18, 0, -inf
0.1, -6.93889e-18, 0, -inf
0.2, -5.36494e-18, 0, -inf
0.3, -1.17828e-17, 0, -inf
0.4, -1.02029e-17, 0, -inf
0.5, -1.37321e-17, 0, -inf
0.6, 4.51238e-19, 0, inf
0.7, -7.88672e-18, 0, -inf
0.8, -6.81248e-18, 0, -inf
0.9, -4.69501e-18, 0, -inf
0.0001, 0, 0, -nan
0.0002, 0, 0, -nan
0.0003, 0, 0, -nan
0.0004, 0, 0, -nan
0.0005, 0, 0, -nan
0.0006, 0, 0, -nan
0.0007, 0, 0, -nan
0.0008, 0, 0, -nan
0.0009, 0, 0, -nan
0.001, 0, 0, -nan
0.002, 0, 0, -nan
0.003, 0, 0, -nan
0.004, 0, 0, -nan
0.005, 0, 0, -nan
0.006, 0, 0, -nan
0.007, 0, 0, -nan
0.008, 0, 0, -nan
0.009, 0, 0, -nan
0.01, 0, 0, -nan
0.02, 0, 0, -nan
0.03, 0, 0, -nan
0.04, 0, 0, -nan
0.05, 0, 0, -nan
0.06, 0, 0, -nan
0.07, 0, 0, -nan
0.08, 0, 0, -nan
0.09, 0, 0, -nan
0.1, 0, 0, -nan
0.2, 0, 0, -nan
0.3, 0, 0, -nan
0.4, 0, 0, -nan
0.5, 0, 0, -nan
0.6, 0, 0, -nan
0.7, 0, 0, -nan
0.8, 0, 0, -nan
0.9, 0, 0, -nan
