# mu value:
1.414214
# num_x_vals
36
# x, INITIALPDFS_SAL3, SAL, ratio
0.0001, 6.10219, 5.14321, 1.18646
0.0002, 4.68545, 3.46353, 1.3528
0.0003, 4.01477, 2.74811, 1.46092
0.0004, 3.59777, 2.3317, 1.54298
0.0005, 3.3043, 2.05258, 1.60982
0.0006, 3.08232, 1.8495, 1.66657
0.0007, 2.90611, 1.69337, 1.71617
0.0008, 2.76157, 1.5688, 1.76031
0.0009, 2.63997, 1.4665, 1.80018
0.001, 2.53562, 1.38058, 1.83664
0.002, 1.94268, 0.927195, 2.09522
0.003, 1.66, 0.733686, 2.26255
0.004, 1.48315, 0.62083, 2.38898
0.005, 1.35797, 0.545031, 2.49154
0.006, 1.26277, 0.489775, 2.57828
0.007, 1.18681, 0.447209, 2.65382
0.008, 1.1242, 0.413185, 2.7208
0.009, 1.07126, 0.385191, 2.78112
0.01, 1.02563, 0.361634, 2.8361
0.02, 0.761108, 0.236297, 3.22098
0.03, 0.630138, 0.181862, 3.46493
0.04, 0.545621, 0.149627, 3.64655
0.05, 0.484191, 0.12768, 3.79222
0.06, 0.436395, 0.111487, 3.91431
0.07, 0.397495, 0.098881, 4.01994
0.08, 0.364874, 0.0887105, 4.11309
0.09, 0.336874, 0.0802748, 4.19651
0.1, 0.312448, 0.0731293, 4.27255
0.2, 0.16627, 0.0345977, 4.8058
0.3, 0.0948752, 0.018395, 5.15766
0.4, 0.0535728, 0.00983206, 5.44878
0.5, 0.0287194, 0.00501027, 5.73211
0.6, 0.0140272, 0.00231206, 6.06696
0.7, 0.00585573, 0.000893351, 6.55479
0.8, 0.00185553, 0.000245301, 7.56432
0.9, 0.000330069, 2.86758e-05, 11.5104
0.0001, 0.0533467, 0.283756, 0.188002
0.0002, 0.0587695, 0.253999, 0.231377
0.0003, 0.0629508, 0.238077, 0.264414
0.0004, 0.0663857, 0.227399, 0.291935
0.0005, 0.0693262, 0.219457, 0.315898
0.0006, 0.0719127, 0.213184, 0.337326
0.0007, 0.0742323, 0.208025, 0.356843
0.0008, 0.0763417, 0.203664, 0.374841
0.0009, 0.078281, 0.199898, 0.391604
0.001, 0.0800796, 0.196593, 0.407337
0.002, 0.0934816, 0.176321, 0.53018
0.003, 0.102665, 0.165628, 0.619853
0.004, 0.109825, 0.158566, 0.692613
0.005, 0.115761, 0.153398, 0.754641
0.006, 0.120864, 0.149385, 0.809076
0.007, 0.12536, 0.146142, 0.857798
0.008, 0.129389, 0.143449, 0.901984
0.009, 0.133047, 0.141167, 0.942475
0.01, 0.136401, 0.139202, 0.979881
0.02, 0.160328, 0.128267, 1.24995
0.03, 0.175604, 0.123702, 1.41957
0.04, 0.186786, 0.121382, 1.53883
0.05, 0.195489, 0.120111, 1.62757
0.06, 0.202497, 0.11939, 1.69609
0.07, 0.208258, 0.118965, 1.75058
0.08, 0.213051, 0.118699, 1.79489
0.09, 0.217068, 0.118508, 1.83168
0.1, 0.220443, 0.11834, 1.8628
0.2, 0.23313, 0.114496, 2.03614
0.3, 0.225634, 0.106447, 2.11968
0.4, 0.207665, 0.0973483, 2.13322
0.5, 0.182935, 0.0896619, 2.04028
0.6, 0.153408, 0.0844964, 1.81555
0.7, 0.120321, 0.0817072, 1.47258
0.8, 0.084576, 0.079757, 1.06042
0.9, 0.0469413, 0.0745, 0.630085
0.0001, 0.0533495, 0.283905, 0.187914
0.0002, 0.0587751, 0.254295, 0.231129
0.0003, 0.0629592, 0.238521, 0.263956
0.0004, 0.0663968, 0.227991, 0.291225
0.0005, 0.0693401, 0.220197, 0.3149
0.0006, 0.0719294, 0.214072, 0.336005
0.0007, 0.0742517, 0.209061, 0.355168
0.0008, 0.0763639, 0.204847, 0.372785
0.0009, 0.078306, 0.201229, 0.389139
0.001, 0.0801073, 0.198071, 0.404438
0.002, 0.0935367, 0.179264, 0.521781
0.003, 0.102747, 0.170026, 0.604302
0.004, 0.109934, 0.164408, 0.668668
0.005, 0.115897, 0.160672, 0.721326
0.006, 0.121027, 0.158079, 0.765607
0.007, 0.125549, 0.156246, 0.803539
0.008, 0.129605, 0.154952, 0.83642
0.009, 0.133289, 0.154058, 0.865189
0.01, 0.13667, 0.153469, 0.890537
0.02, 0.160853, 0.155717, 1.03298
0.03, 0.176374, 0.16332, 1.07993
0.04, 0.187791, 0.172216, 1.09044
0.05, 0.196718, 0.181272, 1.08521
0.06, 0.203941, 0.190044, 1.07312
0.07, 0.209909, 0.198336, 1.05835
0.08, 0.2149, 0.206058, 1.04291
0.09, 0.219105, 0.213177, 1.02781
0.1, 0.222662, 0.219686, 1.01355
0.2, 0.236799, 0.256165, 0.924399
0.3, 0.230324, 0.26029, 0.884872
0.4, 0.21327, 0.253919, 0.839913
0.5, 0.189669, 0.249712, 0.759551
0.6, 0.161801, 0.253343, 0.638665
0.7, 0.131204, 0.264893, 0.49531
0.8, 0.0990745, 0.27861, 0.355602
0.9, 0.0664193, 0.278168, 0.238774
0.0001, 0.024082, 0.0851616, 0.282779
0.0002, 0.0238216, 0.0762688, 0.312337
0.0003, 0.024182, 0.0715268, 0.338083
0.0004, 0.0246563, 0.0683579, 0.360695
0.0005, 0.0251469, 0.0660099, 0.380956
0.0006, 0.0256265, 0.0641625, 0.3994
0.0007, 0.0260871, 0.0626492, 0.4164
0.0008, 0.0265268, 0.0613753, 0.432207
0.0009, 0.0269462, 0.06028, 0.447017
0.001, 0.0273463, 0.0593227, 0.460976
0.002, 0.0305746, 0.0535831, 0.570601
0.003, 0.0329525, 0.0507147, 0.649763
0.004, 0.0348656, 0.0489328, 0.712519
0.005, 0.0364811, 0.0477167, 0.764535
0.006, 0.0378873, 0.0468442, 0.808794
0.007, 0.0391375, 0.0462001, 0.847131
0.008, 0.0402657, 0.0457187, 0.880727
0.009, 0.0412958, 0.045358, 0.910442
0.01, 0.0422448, 0.0450896, 0.936908
0.02, 0.0491125, 0.0448852, 1.09418
0.03, 0.0535692, 0.0463548, 1.15564
0.04, 0.0568612, 0.0482758, 1.17784
0.05, 0.0594405, 0.0503041, 1.18162
0.06, 0.0615287, 0.052303, 1.17639
0.07, 0.0632539, 0.0542093, 1.16685
0.08, 0.0646958, 0.0559935, 1.15542
0.09, 0.0659095, 0.0576418, 1.14343
0.1, 0.0669342, 0.0591493, 1.13161
0.2, 0.070915, 0.0674049, 1.05207
0.3, 0.0688403, 0.0678309, 1.01488
0.4, 0.0636329, 0.0657376, 0.967983
0.5, 0.0564628, 0.0642436, 0.878885
0.6, 0.0479849, 0.0647464, 0.741121
0.7, 0.038637, 0.0672556, 0.57448
0.8, 0.028756, 0.0703262, 0.408895
0.9, 0.0186273, 0.0698726, 0.266589
0.0001, 0.0115427, 1.29096e-07, 89411.7
0.0002, 0.00884955, 9.77822e-08, 90502.7
0.0003, 0.00757519, 8.25362e-08, 91780.3
0.0004, 0.00678346, 7.29189e-08, 93027.5
0.0005, 0.0062268, 6.60915e-08, 94214.9
0.0006, 0.00580627, 6.08996e-08, 95341.7
0.0007, 0.00547288, 5.67642e-08, 96414.2
0.0008, 0.00519984, 5.33657e-08, 97437.9
0.0009, 0.00497051, 5.05038e-08, 98418.5
0.001, 0.00477408, 4.80476e-08, 99361.4
0.002, 0.00366947, 3.4176e-08, 107370
0.003, 0.00315802, 2.77301e-08, 113884
0.004, 0.00284952, 2.38251e-08, 119602
0.005, 0.00264036, 2.11541e-08, 124815
0.006, 0.00248896, 1.91933e-08, 129679
0.007, 0.00237467, 1.76832e-08, 134290
0.008, 0.00228616, 1.64824e-08, 138703
0.009, 0.00221637, 1.55033e-08, 142961
0.01, 0.00216069, 1.46893e-08, 147093
0.02, 0.00197338, 1.0712e-08, 184221
0.03, 0.00203801, 9.40618e-09, 216668
0.04, 0.00218329, 8.89074e-09, 245569
0.05, 0.00236291, 8.70741e-09, 271368
0.06, 0.00255818, 8.6878e-09, 294457
0.07, 0.00275989, 8.74753e-09, 315505
0.08, 0.00296308, 8.85709e-09, 334544
0.09, 0.00316472, 8.98962e-09, 352041
0.1, 0.00336326, 9.03984e-09, 372048
0.2, 0.00506332, 1.04007e-08, 486827
0.3, 0.00633213, 1.10611e-08, 572467
0.4, 0.00750974, 1.06928e-08, 702318
0.5, 0.00899445, 9.28831e-09, 968362
0.6, 0.0111971, 6.39936e-09, 1.74972e+06
0.7, 0.0145134, 4.9647e-09, 2.92332e+06
0.8, 0.0193317, 1.17578e-08, 1.64416e+06
0.9, 0.0259707, 3.90806e-08, 664543
0.0001, -8.67362e-19, -2.77556e-17, 0.03125
0.0002, -8.78996e-19, -1.04358e-17, 0.0842289
0.0003, -2.33731e-18, -1.60103e-17, 0.145988
0.0004, -4.62158e-18, -2.03506e-17, 0.227099
0.0005, -2.496e-18, -3.54403e-18, 0.704281
0.0006, -5.9138e-18, -8.33082e-18, 0.70987
0.0007, -2.19002e-19, -1.06551e-17, 0.0205538
0.0008, -1.56829e-20, -6.93998e-18, 0.00225979
0.0009, -3.41837e-18, -9.01747e-18, 0.379083
0.001, -6.93889e-18, -1.21431e-17, 0.571429
0.002, -1.6659e-18, -1.33983e-17, 0.124336
0.003, -5.02589e-18, -1.48388e-17, 0.3387
0.004, -3.64559e-18, -1.78813e-18, 2.03877
0.005, -3.47975e-18, -1.6162e-18, 2.15304
0.006, -1.40906e-18, -1.78298e-18, 0.790283
0.007, -5.26016e-18, -1.03695e-17, 0.50727
0.008, -1.14777e-18, -5.31011e-18, 0.216148
0.009, -9.89773e-19, -4.90386e-18, 0.201835
0.01, -8.67362e-18, -3.46945e-18, 2.5
0.02, -5.61768e-18, -5.26468e-18, 1.06705
0.03, -1.88523e-17, -8.72362e-18, 2.16106
0.04, -1.00283e-17, -1.05554e-17, 0.950063
0.05, -1.56097e-17, 3.42934e-18, -4.5518
0.06, -1.36585e-17, -9.03743e-19, 15.1132
0.07, -1.33844e-17, -4.46459e-18, 2.99789
0.08, -2.10264e-17, -1.3907e-17, 1.51193
0.09, -1.62114e-17, -8.92432e-18, 1.81654
0.1, -6.93889e-18, -1.04083e-17, 0.666667
0.2, -1.63496e-17, -6.44741e-18, 2.53584
0.3, -1.52523e-17, -1.46896e-17, 1.0383
0.4, -9.40825e-18, -1.01843e-17, 0.923799
0.5, -1.57813e-17, -2.98947e-18, 5.27896
0.6, -1.6719e-18, -1.62333e-17, 0.102992
0.7, -4.29286e-18, -1.90232e-17, 0.225664
0.8, -9.76219e-18, -2.03612e-17, 0.479451
0.9, -3.314e-18, -1.31653e-17, 0.251722
0.0001, 0, 0, -nan
0.0002, 0, 0, -nan
0.0003, 0, 0, -nan
0.0004, 0, 0, -nan
0.0005, 0, 0, -nan
0.0006, 0, 0, -nan
0.0007, 0, 0, -nan
0.0008, 0, 0, -nan
0.0009, 0, 0, -nan
0.001, 0, 0, -nan
0.002, 0, 0, -nan
0.003, 0, 0, -nan
0.004, 0, 0, -nan
0.005, 0, 0, -nan
0.006, 0, 0, -nan
0.007, 0, 0, -nan
0.008, 0, 0, -nan
0.009, 0, 0, -nan
0.01, 0, 0, -nan
0.02, 0, 0, -nan
0.03, 0, 0, -nan
0.04, 0, 0, -nan
0.05, 0, 0, -nan
0.06, 0, 0, -nan
0.07, 0, 0, -nan
0.08, 0, 0, -nan
0.09, 0, 0, -nan
0.1, 0, 0, -nan
0.2, 0, 0, -nan
0.3, 0, 0, -nan
0.4, 0, 0, -nan
0.5, 0, 0, -nan
0.6, 0, 0, -nan
0.7, 0, 0, -nan
0.8, 0, 0, -nan
0.9, 0, 0, -nan
