# mu value:
1.414214
# num_x_vals
36
# x, INITIALPDFS_SAL4VADIM, SAL, ratio
0.0001, 2.28035, 5.14321, 0.443371
0.0002, 1.96058, 3.46353, 0.566063
0.0003, 1.79428, 2.74811, 0.652915
0.0004, 1.68462, 2.3317, 0.722487
0.0005, 1.60403, 2.05258, 0.781469
0.0006, 1.54093, 1.8495, 0.83316
0.0007, 1.48939, 1.69337, 0.879546
0.0008, 1.44607, 1.5688, 0.921768
0.0009, 1.40883, 1.4665, 0.960674
0.001, 1.37626, 1.38058, 0.996871
0.002, 1.17836, 0.927195, 1.27089
0.003, 1.07435, 0.733686, 1.46432
0.004, 1.00507, 0.62083, 1.61892
0.005, 0.95366, 0.545031, 1.74974
0.006, 0.913033, 0.489774, 1.86419
0.007, 0.879548, 0.447209, 1.96675
0.008, 0.85115, 0.413185, 2.05997
0.009, 0.826529, 0.385191, 2.14577
0.01, 0.804815, 0.361634, 2.22549
0.02, 0.667819, 0.236297, 2.82619
0.03, 0.590572, 0.181862, 3.24737
0.04, 0.536045, 0.149627, 3.58255
0.05, 0.493528, 0.12768, 3.86535
0.06, 0.458463, 0.111487, 4.11225
0.07, 0.428477, 0.098881, 4.33326
0.08, 0.402217, 0.0887105, 4.53405
0.09, 0.378769, 0.0802748, 4.71841
0.1, 0.357653, 0.0731294, 4.89069
0.2, 0.214699, 0.0345977, 6.2056
0.3, 0.132046, 0.018395, 7.17838
0.4, 0.079372, 0.0098321, 8.07274
0.5, 0.0456334, 0.00501035, 9.10781
0.6, 0.0248893, 0.00231219, 10.7644
0.7, 0.0129571, 0.000893502, 14.5014
0.8, 0.00674939, 0.000245384, 27.5055
0.9, 0.00350374, 2.85672e-05, 122.649
0.0001, 0.0211849, 0.283756, 0.0746589
0.0002, 0.0206531, 0.253999, 0.081312
0.0003, 0.0208679, 0.238077, 0.0876519
0.0004, 0.0212906, 0.227399, 0.0936267
0.0005, 0.0217901, 0.219457, 0.0992911
0.0006, 0.0223195, 0.213184, 0.104696
0.0007, 0.0228581, 0.208025, 0.109882
0.0008, 0.0233966, 0.203664, 0.114879
0.0009, 0.0239301, 0.199898, 0.119711
0.001, 0.024456, 0.196593, 0.124399
0.002, 0.0292247, 0.176321, 0.165748
0.003, 0.0332695, 0.165628, 0.200869
0.004, 0.0368261, 0.158566, 0.232244
0.005, 0.0400337, 0.153398, 0.260979
0.006, 0.0429766, 0.149385, 0.28769
0.007, 0.04571, 0.146142, 0.312779
0.008, 0.0482717, 0.143449, 0.336507
0.009, 0.0506895, 0.141167, 0.359074
0.01, 0.0529844, 0.139202, 0.380629
0.02, 0.0715824, 0.128267, 0.558072
0.03, 0.0856858, 0.123702, 0.692677
0.04, 0.0973044, 0.121382, 0.801638
0.05, 0.107257, 0.120111, 0.892983
0.06, 0.115978, 0.11939, 0.971424
0.07, 0.123734, 0.118965, 1.04008
0.08, 0.130698, 0.118699, 1.10108
0.09, 0.136994, 0.118508, 1.15599
0.1, 0.142718, 0.11834, 1.206
0.2, 0.178877, 0.114496, 1.5623
0.3, 0.191617, 0.106447, 1.80011
0.4, 0.190137, 0.0973483, 1.95316
0.5, 0.1786, 0.0896619, 1.99193
0.6, 0.159477, 0.0844964, 1.88738
0.7, 0.13437, 0.0817073, 1.64452
0.8, 0.104282, 0.079757, 1.3075
0.9, 0.0691795, 0.0744999, 0.928585
0.0001, 0.0211971, 0.283905, 0.0746629
0.0002, 0.0206773, 0.254295, 0.0813122
0.0003, 0.0209039, 0.238521, 0.0876395
0.0004, 0.0213384, 0.227991, 0.0935933
0.0005, 0.0218498, 0.220197, 0.0992282
0.0006, 0.0223909, 0.214072, 0.104595
0.0007, 0.0229414, 0.209061, 0.109735
0.0008, 0.0234916, 0.204847, 0.114679
0.0009, 0.0240368, 0.201229, 0.11945
0.001, 0.0245745, 0.198071, 0.124069
0.002, 0.02946, 0.179264, 0.164338
0.003, 0.0336207, 0.170026, 0.197738
0.004, 0.0372926, 0.164408, 0.22683
0.005, 0.0406148, 0.160672, 0.252781
0.006, 0.0436717, 0.158079, 0.276264
0.007, 0.0465185, 0.156246, 0.297727
0.008, 0.049193, 0.154952, 0.317473
0.009, 0.051723, 0.154058, 0.335738
0.01, 0.0541295, 0.153469, 0.352706
0.02, 0.0738131, 0.155717, 0.47402
0.03, 0.0889496, 0.16332, 0.544635
0.04, 0.101552, 0.172216, 0.589679
0.05, 0.112443, 0.181272, 0.620299
0.06, 0.122057, 0.190044, 0.642257
0.07, 0.130665, 0.198336, 0.658808
0.08, 0.138442, 0.206058, 0.671861
0.09, 0.145514, 0.213177, 0.6826
0.1, 0.151981, 0.219686, 0.691812
0.2, 0.194079, 0.256165, 0.757633
0.3, 0.211269, 0.26029, 0.811666
0.4, 0.214306, 0.253919, 0.843995
0.5, 0.20868, 0.249712, 0.835682
0.6, 0.197943, 0.253343, 0.781326
0.7, 0.184313, 0.264893, 0.6958
0.8, 0.168613, 0.27861, 0.605194
0.9, 0.147756, 0.278168, 0.531176
0.0001, 0.0178296, 0.0851616, 0.209362
0.0002, 0.0158918, 0.0762688, 0.208366
0.0003, 0.0150256, 0.0715268, 0.210069
0.0004, 0.0145359, 0.0683579, 0.212644
0.0005, 0.0142312, 0.0660099, 0.215591
0.0006, 0.0140331, 0.0641625, 0.218711
0.0007, 0.0139025, 0.0626492, 0.221911
0.0008, 0.0138181, 0.0613753, 0.225141
0.0009, 0.0137664, 0.06028, 0.228374
0.001, 0.0137388, 0.0593227, 0.231595
0.002, 0.0140421, 0.0535831, 0.262062
0.003, 0.0146669, 0.0507147, 0.289204
0.004, 0.0153475, 0.0489328, 0.313644
0.005, 0.0160286, 0.0477167, 0.335911
0.006, 0.0166941, 0.0468442, 0.356376
0.007, 0.0173395, 0.0462001, 0.375313
0.008, 0.0179639, 0.0457187, 0.392923
0.009, 0.018568, 0.045358, 0.409365
0.01, 0.0191527, 0.0450896, 0.424769
0.02, 0.0241821, 0.0448852, 0.538755
0.03, 0.028225, 0.0463548, 0.608891
0.04, 0.0316549, 0.0482758, 0.655709
0.05, 0.0346503, 0.0503041, 0.688816
0.06, 0.0373127, 0.052303, 0.713394
0.07, 0.0397072, 0.0542093, 0.732479
0.08, 0.0418778, 0.0559935, 0.747905
0.09, 0.0438559, 0.0576418, 0.760836
0.1, 0.0456686, 0.0591493, 0.77209
0.2, 0.0574846, 0.0674049, 0.852825
0.3, 0.0621877, 0.0678309, 0.916805
0.4, 0.0627297, 0.0657376, 0.954243
0.5, 0.0606179, 0.0642437, 0.943562
0.6, 0.0568254, 0.0647464, 0.877661
0.7, 0.0519664, 0.0672556, 0.77267
0.8, 0.0462957, 0.0703262, 0.6583
0.9, 0.0390885, 0.0698726, 0.559425
0.0001, 0.0163904, 1.31477e-07, 124664
0.0002, 0.0138492, 9.70047e-08, 142768
0.0003, 0.0125189, 8.05307e-08, 155455
0.0004, 0.0116377, 7.03011e-08, 165540
0.0005, 0.0109876, 6.31354e-08, 174032
0.0006, 0.0104772, 5.77491e-08, 181427
0.0007, 0.0100594, 5.35023e-08, 188018
0.0008, 0.00970755, 5.00442e-08, 193980
0.0009, 0.00940468, 4.71563e-08, 199436
0.001, 0.00913949, 4.46968e-08, 204478
0.002, 0.00752596, 3.12022e-08, 241200
0.003, 0.00668319, 2.52288e-08, 264903
0.004, 0.00612998, 2.17413e-08, 281951
0.005, 0.00572737, 1.94319e-08, 294740
0.006, 0.00541647, 1.7787e-08, 304518
0.007, 0.00516673, 1.65566e-08, 312065
0.008, 0.00496081, 1.56061e-08, 317877
0.009, 0.00478759, 1.48533e-08, 322325
0.01, 0.00463961, 1.42455e-08, 325689
0.02, 0.00385965, 1.16827e-08, 330374
0.03, 0.00359798, 1.12024e-08, 321179
0.04, 0.00352433, 1.12339e-08, 313723
0.05, 0.00354187, 1.14305e-08, 309860
0.06, 0.00360957, 1.16862e-08, 308876
0.07, 0.0037065, 1.19235e-08, 310857
0.08, 0.00382119, 1.2226e-08, 312546
0.09, 0.00394582, 1.23606e-08, 319226
0.1, 0.00407802, 1.28837e-08, 316526
0.2, 0.00545331, 1.50907e-08, 361368
0.3, 0.00698704, 1.68861e-08, 413775
0.4, 0.0091546, 2.10291e-08, 435331
0.5, 0.0123654, 2.9135e-08, 424417
0.6, 0.0167762, 4.39938e-08, 381330
0.7, 0.0221049, 5.79496e-08, 381450
0.8, 0.027101, 3.8224e-08, 709005
0.9, 0.0272813, -9.03764e-08, -301864
0.0001, -8.67362e-19, -4.01608e-31, 2.15972e+12
0.0002, -1.34708e-18, -2.05366e-17, 0.0655942
0.0003, -1.07759e-18, -1.27411e-17, 0.0845758
0.0004, -8.37824e-19, -7.23561e-18, 0.115792
0.0005, -1.72853e-18, -1.73951e-17, 0.0993688
0.0006, -2.08168e-18, -1.01457e-18, 2.05179
0.0007, -1.84866e-18, -9.80296e-18, 0.188582
0.0008, -5.08813e-19, -1.5709e-17, 0.03239
0.0009, -1.2766e-18, -1.74524e-17, 0.0731475
0.001, -1.73472e-18, -3.34847e-31, 5.18064e+12
0.002, -3.74542e-20, -1.55548e-17, 0.00240789
0.003, -2.87545e-18, -5.1828e-18, 0.554807
0.004, -2.817e-18, -6.61897e-18, 0.425595
0.005, -2.61828e-18, -5.23644e-18, 0.500012
0.006, -2.47967e-18, 1.61568e-18, -1.53476
0.007, -2.68761e-18, -1.00663e-17, 0.266991
0.008, -1.9039e-18, -8.78819e-18, 0.216643
0.009, -2.22704e-18, -8.70199e-18, 0.255923
0.01, -1.73472e-18, -5.20417e-18, 0.333333
0.02, -6.91347e-18, -1.04634e-17, 0.660727
0.03, -2.1442e-18, -6.7515e-18, 0.317589
0.04, -7.38666e-18, 3.94974e-18, -1.87016
0.05, -1.05089e-17, -8.69124e-18, 1.20914
0.06, -7.88611e-18, 5.14407e-18, -1.53305
0.07, -2.51538e-18, -9.72588e-18, 0.258627
0.08, 2.28145e-18, -1.31462e-17, -0.173544
0.09, -9.37311e-18, -1.30125e-17, 0.720317
0.1, -6.93889e-18, -5.20417e-18, 1.33333
0.2, -1.76366e-17, -1.72626e-17, 1.02167
0.3, 8.14888e-19, -1.54913e-17, -0.0526029
0.4, -1.72418e-17, 1.35001e-18, -12.7716
0.5, -1.59537e-17, -1.61134e-17, 0.990087
0.6, -2.06115e-18, -2.10385e-17, 0.0979707
0.7, -1.48782e-17, -8.90364e-18, 1.67103
0.8, -5.48864e-18, -1.60659e-17, 0.341633
0.9, -8.85792e-18, -7.46595e-18, 1.18644
0.0001, 0, 0, -nan
0.0002, 0, 0, -nan
0.0003, 0, 0, -nan
0.0004, 0, 0, -nan
0.0005, 0, 0, -nan
0.0006, 0, 0, -nan
0.0007, 0, 0, -nan
0.0008, 0, 0, -nan
0.0009, 0, 0, -nan
0.001, 0, 0, -nan
0.002, 0, 0, -nan
0.003, 0, 0, -nan
0.004, 0, 0, -nan
0.005, 0, 0, -nan
0.006, 0, 0, -nan
0.007, 0, 0, -nan
0.008, 0, 0, -nan
0.009, 0, 0, -nan
0.01, 0, 0, -nan
0.02, 0, 0, -nan
0.03, 0, 0, -nan
0.04, 0, 0, -nan
0.05, 0, 0, -nan
0.06, 0, 0, -nan
0.07, 0, 0, -nan
0.08, 0, 0, -nan
0.09, 0, 0, -nan
0.1, 0, 0, -nan
0.2, 0, 0, -nan
0.3, 0, 0, -nan
0.4, 0, 0, -nan
0.5, 0, 0, -nan
0.6, 0, 0, -nan
0.7, 0, 0, -nan
0.8, 0, 0, -nan
0.9, 0, 0, -nan
