# mu value:
1.414214
# num_x_vals
36
# x, INITIALPDFS_SAL5, SAL, ratio
0.0001, 3.39937, 5.14321, 0.660943
0.0002, 2.81123, 3.46353, 0.811667
0.0003, 2.51518, 2.74811, 0.915242
0.0004, 2.32394, 2.3317, 0.99667
0.0005, 2.18551, 2.05258, 1.06476
0.0006, 2.07844, 1.8495, 1.12379
0.0007, 1.99188, 1.69337, 1.17628
0.0008, 1.91974, 1.5688, 1.2237
0.0009, 1.85821, 1.4665, 1.2671
0.001, 1.80476, 1.38058, 1.30725
0.002, 1.48785, 0.927195, 1.60467
0.003, 1.32714, 0.733686, 1.80887
0.004, 1.22258, 0.62083, 1.96926
0.005, 1.14636, 0.545031, 2.10329
0.006, 1.087, 0.489774, 2.21939
0.007, 1.03868, 0.447209, 2.32259
0.008, 0.998148, 0.413185, 2.41574
0.009, 0.963346, 0.385191, 2.50096
0.01, 0.932921, 0.361634, 2.57974
0.02, 0.747172, 0.236297, 3.16201
0.03, 0.647483, 0.181862, 3.5603
0.04, 0.579419, 0.149627, 3.87244
0.05, 0.527679, 0.12768, 4.13282
0.06, 0.485877, 0.111487, 4.35814
0.07, 0.450736, 0.098881, 4.55837
0.08, 0.42041, 0.0887105, 4.73912
0.09, 0.393698, 0.0802748, 4.90438
0.1, 0.369865, 0.0731294, 5.05768
0.2, 0.214746, 0.0345977, 6.20695
0.3, 0.129559, 0.018395, 7.04315
0.4, 0.0767816, 0.0098321, 7.80928
0.5, 0.0436066, 0.00501035, 8.70329
0.6, 0.0234384, 0.00231219, 10.1369
0.7, 0.012002, 0.000893502, 13.4325
0.8, 0.00613137, 0.000245384, 24.9869
0.9, 0.00314809, 2.85672e-05, 110.2
0.0001, 0.0229811, 0.283756, 0.0809889
0.0002, 0.0203937, 0.253999, 0.0802907
0.0003, 0.0194458, 0.238077, 0.0816785
0.0004, 0.0190471, 0.227399, 0.0837606
0.0005, 0.0189071, 0.219457, 0.0861539
0.0006, 0.0189105, 0.213184, 0.088705
0.0007, 0.019001, 0.208025, 0.0913401
0.0008, 0.0191484, 0.203664, 0.0940198
0.0009, 0.0193344, 0.199898, 0.0967212
0.001, 0.0195473, 0.196593, 0.0994304
0.002, 0.0222063, 0.176321, 0.125943
0.003, 0.0249871, 0.165628, 0.150863
0.004, 0.027648, 0.158566, 0.174363
0.005, 0.0301723, 0.153398, 0.196692
0.006, 0.0325715, 0.149385, 0.218037
0.007, 0.0348606, 0.146142, 0.23854
0.008, 0.037053, 0.143449, 0.258301
0.009, 0.03916, 0.141167, 0.277402
0.01, 0.0411912, 0.139202, 0.295909
0.02, 0.0585805, 0.128267, 0.456706
0.03, 0.0726641, 0.123702, 0.58741
0.04, 0.0847542, 0.121382, 0.698244
0.05, 0.0954356, 0.120111, 0.794559
0.06, 0.105034, 0.11939, 0.879751
0.07, 0.113755, 0.118965, 0.956203
0.08, 0.121739, 0.118699, 1.02561
0.09, 0.129087, 0.118508, 1.08927
0.1, 0.135878, 0.11834, 1.1482
0.2, 0.182156, 0.114496, 1.59094
0.3, 0.202659, 0.106447, 1.90385
0.4, 0.206165, 0.0973483, 2.11781
0.5, 0.196769, 0.0896619, 2.19456
0.6, 0.176846, 0.0844964, 2.09295
0.7, 0.14785, 0.0817073, 1.80951
0.8, 0.110532, 0.079757, 1.38586
0.9, 0.0645065, 0.0744999, 0.86586
0.0001, 0.0229951, 0.283905, 0.0809959
0.0002, 0.0204214, 0.254295, 0.080306
0.0003, 0.0194871, 0.238521, 0.0816994
0.0004, 0.0191019, 0.227991, 0.0837836
0.0005, 0.0189755, 0.220197, 0.0861748
0.0006, 0.0189924, 0.214072, 0.0887195
0.0007, 0.0190963, 0.209061, 0.0913436
0.0008, 0.0192572, 0.204847, 0.0940078
0.0009, 0.0194566, 0.201229, 0.096689
0.001, 0.0196829, 0.198071, 0.0993733
0.002, 0.0224751, 0.179264, 0.125374
0.003, 0.0253878, 0.170026, 0.149317
0.004, 0.0281797, 0.164408, 0.171401
0.005, 0.0308338, 0.160672, 0.191905
0.006, 0.0333618, 0.158079, 0.211045
0.007, 0.0357789, 0.156246, 0.228991
0.008, 0.0380983, 0.154952, 0.245872
0.009, 0.0403315, 0.154058, 0.261795
0.01, 0.0424878, 0.153469, 0.276849
0.02, 0.0610829, 0.155717, 0.392268
0.03, 0.0762929, 0.16332, 0.467138
0.04, 0.0894359, 0.172216, 0.519325
0.05, 0.101102, 0.181272, 0.557735
0.06, 0.111619, 0.190044, 0.587333
0.07, 0.1212, 0.198336, 0.611087
0.08, 0.129987, 0.206058, 0.630828
0.09, 0.138085, 0.213177, 0.64775
0.1, 0.145576, 0.219686, 0.662658
0.2, 0.196777, 0.256165, 0.768164
0.3, 0.220082, 0.26029, 0.845523
0.4, 0.226045, 0.253919, 0.890225
0.5, 0.219893, 0.249712, 0.880586
0.6, 0.204538, 0.253343, 0.807355
0.7, 0.18126, 0.264893, 0.684277
0.8, 0.149503, 0.27861, 0.536603
0.9, 0.104313, 0.278168, 0.375
0.0001, 0.0214227, 0.0851616, 0.251553
0.0002, 0.0180171, 0.0762688, 0.236231
0.0003, 0.0164041, 0.0715268, 0.229341
0.0004, 0.0154238, 0.0683579, 0.225633
0.0005, 0.0147574, 0.0660099, 0.223563
0.0006, 0.0142746, 0.0641625, 0.222475
0.0007, 0.0139099, 0.0626492, 0.222029
0.0008, 0.0136273, 0.0613753, 0.222033
0.0009, 0.013404, 0.06028, 0.222363
0.001, 0.0132253, 0.0593227, 0.222939
0.002, 0.0125834, 0.0535831, 0.234839
0.003, 0.0126913, 0.0507147, 0.250248
0.004, 0.0130225, 0.0489328, 0.266129
0.005, 0.0134447, 0.0477167, 0.28176
0.006, 0.0139085, 0.0468442, 0.296909
0.007, 0.0143913, 0.0462001, 0.3115
0.008, 0.0148821, 0.0457187, 0.325515
0.009, 0.0153746, 0.045358, 0.338962
0.01, 0.0158653, 0.0450896, 0.351861
0.02, 0.0204641, 0.0448852, 0.455921
0.03, 0.0244822, 0.0463548, 0.528148
0.04, 0.0280465, 0.0482758, 0.580963
0.05, 0.0312562, 0.0503041, 0.621345
0.06, 0.0341773, 0.052303, 0.653447
0.07, 0.0368555, 0.0542093, 0.679874
0.08, 0.0393238, 0.0559935, 0.702293
0.09, 0.0416071, 0.0576418, 0.721822
0.1, 0.0437262, 0.0591493, 0.739251
0.2, 0.0583272, 0.0674049, 0.865325
0.3, 0.0649752, 0.0678309, 0.9579
0.4, 0.0665341, 0.0657376, 1.01212
0.5, 0.064444, 0.0642437, 1.00312
0.6, 0.0595213, 0.0647464, 0.919299
0.7, 0.0521526, 0.0672556, 0.775439
0.8, 0.0422533, 0.0703262, 0.600818
0.9, 0.0286402, 0.0698726, 0.409891
0.0001, 0.020753, 1.31477e-07, 157845
0.0002, 0.0169952, 9.70047e-08, 175200
0.0003, 0.0150959, 8.05307e-08, 187456
0.0004, 0.0138652, 7.03011e-08, 197226
0.0005, 0.012972, 6.31354e-08, 205463
0.0006, 0.0122798, 5.77491e-08, 212640
0.0007, 0.011719, 5.35023e-08, 219038
0.0008, 0.0112511, 5.00442e-08, 224823
0.0009, 0.0108514, 4.71563e-08, 230116
0.001, 0.0105039, 4.46968e-08, 235004
0.002, 0.00843886, 3.12022e-08, 270458
0.003, 0.00739395, 2.52288e-08, 293075
0.004, 0.00672021, 2.17413e-08, 309099
0.005, 0.00623564, 1.94319e-08, 320896
0.006, 0.00586452, 1.7787e-08, 329708
0.007, 0.00556819, 1.65566e-08, 336313
0.008, 0.00532492, 1.56061e-08, 341208
0.009, 0.00512092, 1.48533e-08, 344767
0.01, 0.00494703, 1.42455e-08, 347269
0.02, 0.00402985, 1.16827e-08, 344942
0.03, 0.00371013, 1.12024e-08, 331190
0.04, 0.00360339, 1.12339e-08, 320761
0.05, 0.00359942, 1.14305e-08, 314895
0.06, 0.00365207, 1.16862e-08, 312513
0.07, 0.00373795, 1.19235e-08, 313494
0.08, 0.00384425, 1.2226e-08, 314433
0.09, 0.00396274, 1.23606e-08, 320595
0.1, 0.00408952, 1.28837e-08, 317419
0.2, 0.00544548, 1.50907e-08, 360849
0.3, 0.00697994, 1.68861e-08, 413355
0.4, 0.00915021, 2.10291e-08, 435122
0.5, 0.0123631, 2.9135e-08, 424340
0.6, 0.0167751, 4.39938e-08, 381306
0.7, 0.0221045, 5.79496e-08, 381443
0.8, 0.0271009, 3.8224e-08, 709003
0.9, 0.0272813, -9.03764e-08, -301864
0.0001, -3.46945e-18, -4.01608e-31, 8.6389e+12
0.0002, -1.72373e-18, -2.05366e-17, 0.0839344
0.0003, -1.03106e-18, -1.27411e-17, 0.0809243
0.0004, -1.72356e-18, -7.23561e-18, 0.238206
0.0005, -8.64616e-19, -1.73951e-17, 0.0497046
0.0006, -9.63312e-19, -1.01457e-18, 0.949483
0.0007, -2.70174e-18, -9.80296e-18, 0.275605
0.0008, -5.80965e-19, -1.5709e-17, 0.036983
0.0009, -1.70445e-18, -1.74524e-17, 0.0976626
0.001, -1.30104e-18, -3.34847e-31, 3.88548e+12
0.002, -5.42906e-19, -1.55548e-17, 0.0349028
0.003, -2.22489e-18, -5.1828e-18, 0.429283
0.004, -3.51238e-19, -6.61897e-18, 0.0530653
0.005, -2.20683e-18, -5.23644e-18, 0.421436
0.006, -2.25546e-18, 1.61568e-18, -1.39598
0.007, 8.01092e-20, -1.00663e-17, -0.00795818
0.008, -3.15386e-18, -8.78819e-18, 0.358875
0.009, -3.22784e-18, -8.70199e-18, 0.370931
0.01, -2.1684e-18, -5.20417e-18, 0.416667
0.02, -2.5464e-18, -1.04634e-17, 0.243362
0.03, -3.56904e-18, -6.7515e-18, 0.52863
0.04, -4.30835e-18, 3.94974e-18, -1.09079
0.05, -2.1712e-20, -8.69124e-18, 0.00249815
0.06, 1.21756e-18, 5.14407e-18, 0.236692
0.07, -5.39491e-18, -9.72588e-18, 0.554697
0.08, -8.79939e-19, -1.31462e-17, 0.0669348
0.09, -4.55202e-18, -1.30125e-17, 0.34982
0.1, -5.20417e-18, -5.20417e-18, 1
0.2, -1.24263e-17, -1.72626e-17, 0.71984
0.3, 1.05073e-18, -1.54913e-17, -0.0678272
0.4, -1.14784e-17, 1.35001e-18, -8.50243
0.5, -1.09304e-17, -1.61134e-17, 0.67834
0.6, -1.1641e-17, -2.10385e-17, 0.55332
0.7, -3.13974e-18, -8.90364e-18, 0.352636
0.8, -6.90958e-18, -1.60659e-17, 0.430077
0.9, -7.25868e-18, -7.46595e-18, 0.972239
0.0001, 0, 0, -nan
0.0002, 0, 0, -nan
0.0003, 0, 0, -nan
0.0004, 0, 0, -nan
0.0005, 0, 0, -nan
0.0006, 0, 0, -nan
0.0007, 0, 0, -nan
0.0008, 0, 0, -nan
0.0009, 0, 0, -nan
0.001, 0, 0, -nan
0.002, 0, 0, -nan
0.003, 0, 0, -nan
0.004, 0, 0, -nan
0.005, 0, 0, -nan
0.006, 0, 0, -nan
0.007, 0, 0, -nan
0.008, 0, 0, -nan
0.009, 0, 0, -nan
0.01, 0, 0, -nan
0.02, 0, 0, -nan
0.03, 0, 0, -nan
0.04, 0, 0, -nan
0.05, 0, 0, -nan
0.06, 0, 0, -nan
0.07, 0, 0, -nan
0.08, 0, 0, -nan
0.09, 0, 0, -nan
0.1, 0, 0, -nan
0.2, 0, 0, -nan
0.3, 0, 0, -nan
0.4, 0, 0, -nan
0.5, 0, 0, -nan
0.6, 0, 0, -nan
0.7, 0, 0, -nan
0.8, 0, 0, -nan
0.9, 0, 0, -nan
