# mu values:
1.414214
# num_x_vals
36
# x, apfel++, lhapdf, ratio
0.0001, 15.7288, 15.68, 1.00312
0.0002, 12.8299, 12.7969, 1.00258
0.0003, 11.3501, 11.3239, 1.00231
0.0004, 10.3877, 10.3657, 1.00211
0.0005, 9.68825, 9.66911, 1.00198
0.0006, 9.146, 9.12875, 1.00189
0.0007, 8.70692, 8.6913, 1.0018
0.0008, 8.34067, 8.32625, 1.00173
0.0009, 8.02814, 8.01472, 1.00167
0.001, 7.75659, 7.74406, 1.00162
0.002, 6.14937, 6.14122, 1.00133
0.003, 5.34073, 5.33434, 1.0012
0.004, 4.81972, 4.81447, 1.00109
0.005, 4.44374, 4.43924, 1.00101
0.006, 4.15386, 4.1498, 1.00098
0.007, 3.92017, 3.9166, 1.00091
0.008, 3.72608, 3.72282, 1.00087
0.009, 3.56103, 3.55817, 1.0008
0.01, 3.41793, 3.41527, 1.00078
0.02, 2.57977, 2.5785, 1.00049
0.03, 2.16358, 2.16297, 1.00028
0.04, 1.89726, 1.89709, 1.00009
0.05, 1.70585, 1.70598, 0.999922
0.06, 1.55863, 1.55891, 0.999819
0.07, 1.44009, 1.44056, 0.999674
0.08, 1.34172, 1.34229, 0.999575
0.09, 1.25797, 1.25868, 0.999436
0.1, 1.18558, 1.18626, 0.999426
0.2, 0.759365, 0.759445, 0.999895
0.3, 0.543624, 0.543636, 0.999977
0.4, 0.402046, 0.402124, 0.999806
0.5, 0.296514, 0.296805, 0.999019
0.6, 0.211411, 0.211855, 0.997903
0.7, 0.139183, 0.139799, 0.995593
0.8, 0.0774693, 0.0779978, 0.993224
0.9, 0.0281985, 0.0283648, 0.994137
0.0001, 0.257471, 0.257165, 1.00119
0.0002, 0.217189, 0.216975, 1.00099
0.0003, 0.196628, 0.19644, 1.00096
0.0004, 0.183326, 0.18315, 1.00096
0.0005, 0.173729, 0.173558, 1.00098
0.0006, 0.166351, 0.166179, 1.00103
0.0007, 0.16043, 0.16026, 1.00106
0.0008, 0.15554, 0.155368, 1.0011
0.0009, 0.151407, 0.151234, 1.00114
0.001, 0.147853, 0.14768, 1.00117
0.002, 0.127863, 0.127674, 1.00148
0.003, 0.118921, 0.118721, 1.00169
0.004, 0.113833, 0.113629, 1.0018
0.005, 0.110625, 0.110416, 1.00189
0.006, 0.108492, 0.10828, 1.00195
0.007, 0.107036, 0.106823, 1.00199
0.008, 0.106038, 0.105823, 1.00203
0.009, 0.105366, 0.105155, 1.00201
0.01, 0.104922, 0.104709, 1.00204
0.02, 0.106027, 0.105809, 1.00205
0.03, 0.109978, 0.109753, 1.00205
0.04, 0.114263, 0.114026, 1.00208
0.05, 0.118402, 0.11815, 1.00213
0.06, 0.122276, 0.122008, 1.00219
0.07, 0.125864, 0.125581, 1.00225
0.08, 0.129178, 0.128881, 1.00231
0.09, 0.132233, 0.131923, 1.00235
0.1, 0.135053, 0.134729, 1.0024
0.2, 0.153638, 0.153289, 1.00228
0.3, 0.161085, 0.160898, 1.00116
0.4, 0.161841, 0.161921, 0.999507
0.5, 0.157887, 0.158242, 0.997755
0.6, 0.150191, 0.150713, 0.996537
0.7, 0.139005, 0.13952, 0.996304
0.8, 0.123753, 0.124003, 0.997981
0.9, 0.101444, 0.101153, 1.00288
0.0001, 0.255712, 0.255709, 1.00001
0.0002, 0.214974, 0.214619, 1.00165
0.0003, 0.194572, 0.1941, 1.00243
0.0004, 0.181545, 0.18103, 1.00285
0.0005, 0.172247, 0.171715, 1.0031
0.0006, 0.165162, 0.164625, 1.00326
0.0007, 0.159521, 0.15899, 1.00334
0.0008, 0.154895, 0.154372, 1.00339
0.0009, 0.151012, 0.1505, 1.0034
0.001, 0.147693, 0.147195, 1.00338
0.002, 0.129482, 0.129124, 1.00277
0.003, 0.121727, 0.121484, 1.002
0.004, 0.11753, 0.11738, 1.00128
0.005, 0.115036, 0.114961, 1.00066
0.006, 0.113502, 0.113488, 1.00013
0.007, 0.112565, 0.112602, 0.999666
0.008, 0.112026, 0.112106, 0.999283
0.009, 0.111769, 0.11189, 0.998913
0.01, 0.111703, 0.111855, 0.998638
0.02, 0.115625, 0.115944, 0.997251
0.03, 0.121727, 0.122082, 0.997095
0.04, 0.12797, 0.128309, 0.997363
0.05, 0.134, 0.1343, 0.997764
0.06, 0.139743, 0.139993, 0.998212
0.07, 0.145194, 0.145394, 0.998621
0.08, 0.150377, 0.150527, 0.999007
0.09, 0.155304, 0.155407, 0.999337
0.1, 0.160007, 0.160064, 0.999643
0.2, 0.197579, 0.197495, 1.00043
0.3, 0.223505, 0.223791, 0.998721
0.4, 0.24154, 0.242337, 0.99671
0.5, 0.253373, 0.254427, 0.995857
0.6, 0.260396, 0.261085, 0.997361
0.7, 0.264802, 0.264603, 1.00075
0.8, 0.270886, 0.269914, 1.0036
0.9, 0.279008, 0.279136, 0.999542
0.0001, 0.252018, 0.251511, 1.00202
0.0002, 0.211634, 0.211306, 1.00155
0.0003, 0.190594, 0.190337, 1.00135
0.0004, 0.176738, 0.176525, 1.00121
0.0005, 0.166578, 0.166393, 1.00111
0.0006, 0.158647, 0.15848, 1.00106
0.0007, 0.15219, 0.152038, 1.001
0.0008, 0.146778, 0.146638, 1.00095
0.0009, 0.142142, 0.142012, 1.00092
0.001, 0.138101, 0.13798, 1.00088
0.002, 0.113929, 0.113856, 1.00064
0.003, 0.10162, 0.101572, 1.00047
0.004, 0.0936513, 0.0936248, 1.00028
0.005, 0.0878915, 0.0878817, 1.00011
0.006, 0.0834513, 0.0834544, 0.999964
0.007, 0.0798761, 0.0798926, 0.999793
0.008, 0.0769121, 0.0769394, 0.999645
0.009, 0.0743982, 0.0744373, 0.999475
0.01, 0.0722237, 0.0722715, 0.999339
0.02, 0.0596942, 0.0598049, 0.998149
0.03, 0.0537121, 0.0538558, 0.997331
0.04, 0.0500317, 0.0501939, 0.996768
0.05, 0.0474843, 0.0476557, 0.996402
0.06, 0.0455936, 0.0457673, 0.996206
0.07, 0.0441212, 0.0442947, 0.996083
0.08, 0.0429374, 0.0431074, 0.996056
0.09, 0.041959, 0.0421239, 0.996085
0.1, 0.0411356, 0.0412937, 0.996173
0.2, 0.0368014, 0.0368804, 0.997858
0.3, 0.0352165, 0.0352599, 0.99877
0.4, 0.0350896, 0.0351314, 0.99881
0.5, 0.0364984, 0.0365486, 0.998628
0.6, 0.0397649, 0.0398003, 0.99911
0.7, 0.0450843, 0.0451084, 0.999465
0.8, 0.0522616, 0.0522873, 0.999508
0.9, 0.0595143, 0.0596242, 0.998156
0.0001, -6.93889e-18, 0, -inf
0.0002, -6.9994e-18, 0, -inf
0.0003, -9.84291e-18, 0, -inf
0.0004, -6.58877e-18, 0, -inf
0.0005, 3.4405e-18, 0, inf
0.0006, 6.38287e-18, 0, inf
0.0007, -1.0064e-17, 0, -inf
0.0008, -4.60531e-18, 0, -inf
0.0009, 2.33786e-18, 0, inf
0.001, 1.73472e-18, 0, inf
0.002, -5.18223e-18, 0, -inf
0.003, -3.8809e-18, 0, -inf
0.004, -3.54646e-18, 0, -inf
0.005, -5.28889e-18, 0, -inf
0.006, -2.09151e-18, 0, -inf
0.007, -5.24187e-18, 0, -inf
0.008, -3.57538e-18, 0, -inf
0.009, -3.09158e-18, 0, -inf
0.01, -1.73472e-18, 0, -inf
0.02, 1.75124e-18, 0, inf
0.03, -3.81291e-18, 0, -inf
0.04, -1.72137e-18, 0, -inf
0.05, -1.76435e-18, 0, -inf
0.06, -8.4283e-19, 0, -inf
0.07, -3.52656e-18, 0, -inf
0.08, -2.08171e-18, 0, -inf
0.09, -2.80315e-18, 0, -inf
0.1, -1.74608e-30, 0, -inf
0.2, -5.36009e-18, 0, -inf
0.3, 2.7048e-18, 0, inf
0.4, -6.56608e-18, 0, -inf
0.5, -3.40429e-18, 0, -inf
0.6, -1.1036e-17, 0, -inf
0.7, -9.40764e-18, 0, -inf
0.8, -1.53155e-17, 0, -inf
0.9, 1.11683e-18, 0, inf
0.0001, -2.08167e-17, 0, -inf
0.0002, -2.67776e-17, 0, -inf
0.0003, -1.16392e-17, 0, -inf
0.0004, -1.94097e-17, 0, -inf
0.0005, -1.03421e-17, 0, -inf
0.0006, -6.22088e-18, 0, -inf
0.0007, -1.41422e-17, 0, -inf
0.0008, -5.16744e-18, 0, -inf
0.0009, -4.63642e-18, 0, -inf
0.001, -8.67362e-18, 0, -inf
0.002, -2.05073e-18, 0, -inf
0.003, -1.18574e-17, 0, -inf
0.004, -9.69149e-18, 0, -inf
0.005, -5.20902e-18, 0, -inf
0.006, -5.96681e-18, 0, -inf
0.007, -6.93889e-18, 0, -inf
0.008, -7.08375e-18, 0, -inf
0.009, -6.33012e-18, 0, -inf
0.01, -5.20417e-18, 0, -inf
0.02, -5.20284e-18, 0, -inf
0.03, -6.84227e-18, 0, -inf
0.04, -1.75266e-18, 0, -inf
0.05, -5.28693e-18, 0, -inf
0.06, -6.64927e-18, 0, -inf
0.07, -6.92061e-18, 0, -inf
0.08, -8.7309e-18, 0, -inf
0.09, -1.18621e-17, 0, -inf
0.1, -1.04083e-17, 0, -inf
0.2, -1.91332e-17, 0, -inf
0.3, -1.07689e-17, 0, -inf
0.4, -1.42878e-17, 0, -inf
0.5, -1.3586e-17, 0, -inf
0.6, -3.26431e-19, 0, -inf
0.7, -1.2357e-17, 0, -inf
0.8, -1.73427e-17, 0, -inf
0.9, -5.40756e-18, 0, -inf
0.0001, 0, 0, -nan
0.0002, 0, 0, -nan
0.0003, 0, 0, -nan
0.0004, 0, 0, -nan
0.0005, 0, 0, -nan
0.0006, 0, 0, -nan
0.0007, 0, 0, -nan
0.0008, 0, 0, -nan
0.0009, 0, 0, -nan
0.001, 0, 0, -nan
0.002, 0, 0, -nan
0.003, 0, 0, -nan
0.004, 0, 0, -nan
0.005, 0, 0, -nan
0.006, 0, 0, -nan
0.007, 0, 0, -nan
0.008, 0, 0, -nan
0.009, 0, 0, -nan
0.01, 0, 0, -nan
0.02, 0, 0, -nan
0.03, 0, 0, -nan
0.04, 0, 0, -nan
0.05, 0, 0, -nan
0.06, 0, 0, -nan
0.07, 0, 0, -nan
0.08, 0, 0, -nan
0.09, 0, 0, -nan
0.1, 0, 0, -nan
0.2, 0, 0, -nan
0.3, 0, 0, -nan
0.4, 0, 0, -nan
0.5, 0, 0, -nan
0.6, 0, 0, -nan
0.7, 0, 0, -nan
0.8, 0, 0, -nan
0.9, 0, 0, -nan
